GeneSymbol	MES	AC	OPC	NPC
A2M	297.9176	45.0978	21.5552	16.9811
ABI3BP	9.2527	1.0439	1.3204	0.8962
ACAN	3.6879	0.3674	7.1438	0.3756
ACOX2	8.9362	16.2107	0.4353	3.6548
ACSBG1	27.7639	74.2876	1.8408	2.0531
ACSS3	42.1609	60.2721	10.5698	9.1953
ACTL6B	12.0022	7.0814	17.9125	65.8960
ACY3	1.3435	4.6911	1.2975	0.3896
ADAM19	12.4748	32.7050	2.5479	6.5420
ADCYAP1	0.0541	0.0852	0.2678	13.2271
ADM	668.8207	55.2234	15.1855	29.0080
AFAP1L2	5.7148	8.8551	84.1660	22.5633
AGT	364.5567	609.5405	79.4248	77.2271
AGXT	13.5625	0.5756	0.3630	0.0000
AHNAK	27.4702	10.5933	0.2943	0.9348
AKAP12	154.7423	14.2880	17.6855	12.5409
ALCAM	34.1821	44.4477	300.2834	106.8927
ALDH1L1	33.8224	62.5636	2.8434	6.8777
ALDH1L1-AS2	5.3154	18.6300	0.6883	3.2785
ALK	3.0794	10.3542	3.4383	2.8389
AMER3	0.4100	0.3674	1.0855	7.6594
AMOT	1.7826	2.9444	18.8250	9.1855
AMZ1	4.4679	7.1695	24.2470	6.0747
ANGPTL4	186.3634	3.2831	2.0546	3.5759
ANKRD2	1.6770	0.0268	9.7740	5.2411
ANKRD20A11P	0.7244	0.7288	1.2051	7.8245
ANO3	0.2622	0.0394	4.9674	0.8600
ANXA1	791.7154	328.4235	4.6815	35.9256
APLN	7.5868	1.5883	0.2057	0.6072
APOD	141.3209	117.4887	720.6535	67.5827
AQP4	145.7691	384.8858	10.0962	12.7338
ARAP2	16.0837	29.2773	8.8764	5.5954
ARHGAP22	0.7217	0.5894	8.5702	1.8412
ARPP21	4.7433	6.5102	30.9691	12.4433
ART3	7.1320	22.3898	3.7278	5.1778
ARX	1.9733	1.1351	0.3949	10.0424
ATCAY	24.6772	16.7502	169.2559	106.4795
ATP13A4	38.6315	112.0575	45.4492	21.4456
ATP1A2	58.9596	278.4638	62.6153	20.9574
ATP1B2	80.0497	200.1361	35.1804	19.3237
ATP2B4	47.2965	38.0524	158.7630	53.3197
ATP6V0A4	0.1800	0.0045	6.0975	0.0357
B3GNT7	4.0422	6.2080	21.5450	4.4502
B4GALNT1	26.5001	30.1761	128.0241	518.8970
BAMBI	6.5577	4.5743	28.0708	8.6884
BASP1	2.9373	2.1024	21.9232	59.6975
BBOX1	44.1020	89.3955	5.0534	6.5228
BCAS1	3.4590	3.4102	140.9803	5.9342
BCL11A	6.0423	6.4001	15.4900	48.1912
BCL11B	0.6478	0.4547	1.3003	8.6915
BEST3	17.4620	20.7069	25.3594	103.3013
BHLHE40	71.2814	21.0209	2.4923	4.0181
BIRC3	11.0467	1.0448	0.7165	0.1669
BMP4	1.7564	1.2427	12.6835	1.7714
BMPER	5.9016	2.6575	45.1666	15.4547
BRS3	0.6985	0.0563	0.0291	4.8714
BST2	193.3896	261.4669	18.3884	27.1135
C14orf39	0.1749	0.0728	3.9744	0.7391
C1R	202.9152	76.2593	8.8127	6.2477
C1S	157.5265	34.9727	4.0724	7.8162
C1orf54	21.6409	30.5426	3.0427	2.1586
C2orf27A	5.0664	4.7176	36.7838	16.1746
C3	120.2101	2.0820	0.0431	0.5071
C6orf141	25.3174	6.6377	0.2558	0.7615
C6orf15	29.7564	78.9712	0.0087	0.5462
CA10	2.0193	2.4556	228.7337	69.3464
CA12	168.0247	31.2414	8.6176	5.7792
CA2	126.5516	183.7437	11.3790	8.9813
CA4	4.2344	0.0788	0.1254	0.0050
CA9	69.3526	0.6615	0.5637	8.7640
CACNA2D1	4.0288	1.9864	6.0239	29.2191
CACNA2D3	0.2795	0.1743	0.5519	7.6714
CADM2	23.3533	52.2341	196.4444	75.9984
CALB1	22.0563	1.7493	4.7967	4.8257
CALB2	0.1820	0.0996	0.0347	10.1836
CALCRL	17.4880	16.8063	91.2986	42.1042
CAPN6	0.8956	6.6288	0.2215	0.6703
CARD16	31.8704	32.7192	0.2374	0.7651
CAV1	91.9450	6.3714	26.7088	5.4019
CAV2	15.3002	3.6803	35.3986	11.6408
CCDC80	34.9226	96.5736	6.7041	9.7636
CCL2	164.6379	25.7329	1.6378	1.7718
CCL3	9.0250	0.2126	0.0998	0.1320
CCL4	9.2951	0.1397	0.0000	0.0410
CCL7	16.6101	0.0676	0.0000	0.0000
CCT2	304.0200	370.6193	659.8875	1878.8799
CD200	10.2742	20.4854	66.9759	120.4750
CD24	77.3005	32.6433	290.6558	1087.9767
CD44	224.0754	52.2051	0.3860	2.7816
CD74	146.1790	40.3917	2.1250	4.1998
CDH18	0.1257	0.0598	10.3065	4.2441
CDH19	2.2655	1.3234	14.6456	3.8450
CDH6	42.3499	96.3560	11.3334	13.3397
CDK5R1	7.2713	7.9293	21.4881	54.9590
CELF3	1.5374	1.4357	5.3138	16.7035
CELF4	2.5644	2.3975	4.4603	27.1006
CFB	9.1480	1.0531	0.6773	0.7186
CFD	19.4981	1.4431	0.9957	1.3649
CH25H	54.4047	9.3292	0.0120	3.8298
CHGA	1.9982	0.6204	5.0534	11.5303
CHI3L1	8973.0205	401.4461	1.0243	15.4019
CHI3L2	351.9712	8.5833	2.6598	5.2047
CHIT1	6.0592	0.4702	0.5917	0.6870
CHRNA1	39.8747	100.7246	1.6622	14.4156
CHRNA9	27.5290	6.7479	0.7099	0.0120
CHST8	10.6324	32.7950	8.9250	10.3447
CKMT2	9.5089	1.5015	1.0823	0.7547
CLCF1	21.2744	1.6826	0.0142	0.6619
CLDN11	8.6262	2.6360	87.9509	6.0256
CLEC2B	40.0591	5.0661	3.8709	13.9706
CMTM5	2.4854	6.3419	43.7493	9.6852
CNGA3	28.9172	45.6902	4.9434	8.5683
CNIH3	49.6443	61.1626	8.8669	6.8157
CNPY1	6.1343	8.8915	9.6222	39.3987
CNTN1	35.9741	82.3585	458.6606	175.7925
COL11A1	8.1646	3.4863	62.6767	14.6982
COL16A1	18.2745	53.7144	37.2320	10.0914
COL20A1	4.6644	16.0708	101.1974	34.3009
COL28A1	6.5268	37.1973	5.9459	4.2667
COL4A3	0.4945	0.5973	9.0400	4.4996
COL5A1	8.0850	1.1633	0.4037	0.1660
COL6A2	17.0083	2.5231	0.1895	0.6359
COL9A1	8.9435	5.1594	137.9384	30.7955
CP	14.9118	2.4157	1.0435	0.5697
CPM	7.0680	9.2893	39.7186	77.1363
CPNE4	36.1496	111.4518	11.0997	15.4401
CPNE5	2.8144	9.9809	3.5369	0.7641
CPVL	79.2714	133.0499	15.0674	26.5636
CRABP1	4.0434	0.0210	0.0912	96.9955
CRABP2	20.3370	3.2586	3.1822	3.4395
CRH	3.3227	11.1873	0.0000	0.0286
CSDC2	1.4032	0.5884	0.2525	8.1400
CSF3	10.8672	0.1803	0.2968	0.4507
CSMD3	0.6059	1.8808	14.9227	6.0406
CST3	1265.0009	4259.8282	507.0935	353.8476
CXCL11	25.6924	8.1717	0.9981	0.9553
CXCL14	98.0994	30.4452	1.0964	1.1647
CXCL2	209.2099	8.0264	0.3843	0.8161
CXCL3	37.0440	1.6711	0.0064	0.3011
DAPL1	1.4540	2.1764	27.1224	12.4635
DAZ2	0.0477	0.0917	12.1229	2.2513
DBI	1274.5790	3569.3151	1655.3742	886.0812
DBX2	8.9065	18.4602	1.3192	2.7135
DCAF4L2	0.5082	1.0743	7.5830	2.3023
DCN	48.2777	65.2986	2.0758	2.1245
DCTN2	268.3134	287.6438	479.3173	1432.1859
DCX	9.4287	11.6754	57.9951	193.6108
DDIT4L	19.7739	3.7035	0.8431	0.0783
DHRS3	123.7222	38.3632	0.1091	2.2781
DLL1	20.5672	31.5968	102.2898	198.1485
DLL4	0.5681	0.0133	0.1573	4.6699
DLX1	4.6414	3.6401	2.9230	114.2721
DLX2	2.3985	0.9058	1.8586	36.0736
DLX5	4.2427	0.4935	23.1605	416.3718
DLX6	2.8683	0.1820	11.4289	91.3328
DLX6-AS1	6.3545	2.2420	5.8058	507.1241
DNAH11	10.0228	1.4938	0.6007	0.8587
DPP4	13.8070	20.4262	1.4468	3.1244
DPYD	63.6089	17.5907	9.4270	9.4028
DSCAM-IT1	0.1891	0.0744	6.8500	2.9254
DTX3	11.1202	12.2333	25.1916	66.0359
DYNC1I1	5.1780	3.2838	15.5701	96.4829
EBF1	6.5126	1.4427	1.6834	21.3847
EDNRB	48.8305	261.4489	61.6209	38.3263
EGLN3	117.0137	13.6939	15.9834	8.2425
EHD3	9.4665	15.5259	50.2053	16.1995
ELAVL2	2.3620	0.9314	8.5700	30.0553
ELAVL4	29.9001	18.9613	35.0801	260.4022
ELMO1	14.2680	12.6913	151.4444	96.5732
ELOVL2	61.9860	137.7469	3.9616	26.4133
ELSPBP1	4.7219	8.0193	0.0000	0.0000
ENKUR	20.9622	35.2358	5.9774	5.4084
ENPP2	3.9087	1.8933	19.9086	2.7307
ENPP6	4.2108	11.7394	37.5926	3.7424
EPAS1	203.9162	44.5729	12.7725	4.8265
EPHB1	14.2734	15.0694	101.2450	42.7086
ERBB3	5.8793	7.9388	96.0137	19.5966
ETV4	19.0820	38.4911	4.0466	5.7123
EVI2A	5.9734	3.0051	35.9761	13.9175
EYA1	4.2154	5.3941	27.7875	55.6440
F13A1	91.5114	0.1110	0.0139	0.0054
F3	245.4532	334.7955	46.3198	30.0245
FA2H	0.1881	0.2092	11.5156	1.5004
FABP6	0.1433	0.2807	3.4623	8.5506
FABP7	519.8218	1339.9225	447.9269	407.5924
FAH	7.8340	12.5827	1.5724	1.7250
FAM107A	14.8283	31.6437	3.8714	3.0495
FAM180A	56.7227	0.2347	0.4439	0.5519
FCRLA	4.5943	0.8920	16.5844	2.0839
FGF1	27.1258	31.3787	3.0533	2.4008
FGF12	7.3715	8.2164	83.3803	18.7307
FGF9	1.1464	2.5311	6.5519	21.1742
FGFR3	2.7203	8.2799	0.7496	2.2547
FN1	156.0477	28.8144	10.1146	10.0030
FOSL1	17.9937	5.0506	1.6323	2.1254
FRMD4B	3.9446	4.2339	19.4107	5.2753
GAD2	0.0113	0.0094	0.0000	3.6181
GADD45G	15.7485	9.4366	23.8115	67.9406
GAL3ST1	2.3364	0.2105	6.4032	1.0477
GALNT13	2.7781	3.2761	46.2867	19.8528
GALNT15	35.1971	7.3752	2.4156	2.6268
GATM	186.2098	660.4028	231.2459	93.3712
GBP2	76.8057	6.6450	0.3676	0.4104
GDF15	221.0008	34.4934	0.4901	11.1465
GDPD2	14.9691	33.6785	10.7612	3.7618
GFAP	992.9104	1371.2601	293.5242	143.8441
GGT5	6.2263	0.4655	0.0578	0.0464
GJA1	56.9682	77.1060	2.3862	4.9373
GJB2	19.9511	5.2396	0.0000	2.5541
GLIPR1	40.4332	8.1755	12.7406	7.6317
GLRA3	1.4354	0.5330	17.9406	3.1171
GNG3	9.5621	10.1392	26.5164	74.7823
GNG7	20.1913	80.7345	28.1158	13.0257
GPC2	2.2694	4.6410	15.6705	37.3136
GPD1	2.7437	4.9919	49.5899	64.3131
GPNMB	26.0908	7.1794	5.3246	0.7907
GPR17	0.4651	1.0333	387.7747	9.7665
GPR37L1	57.1647	273.3407	169.4592	70.5787
GPRC5A	17.2562	0.6640	0.0616	0.3101
GPX3	56.7936	13.7653	5.1623	7.4119
GREM1	1.4669	0.0013	9.5066	2.6966
GRID2	2.8789	4.2570	49.6738	13.4147
GRM2	0.7723	0.2472	1.1688	6.4809
GSDMD	24.9235	33.1080	6.8521	4.0326
GSE1	13.8282	4.4862	10.7727	41.0145
H19	17.7424	4.9831	34.3138	7.3421
HABP2	0.6537	2.4914	0.0046	0.0231
HEPACAM	27.5434	62.4862	20.8062	16.2472
HEPH	2.0505	4.0329	0.0147	0.1457
HEPN1	391.0580	882.9434	236.0748	181.4160
HERC6	12.3985	24.5436	9.3003	3.3399
HGF	10.7402	1.6535	2.0197	1.5236
HILPDA	821.0972	60.6794	64.3953	97.0029
HLA-DRA	173.1603	46.2219	1.9232	3.9424
HLA-DRB1	30.5743	6.3110	0.2036	0.6816
HLA-DRB5	8.0184	1.3675	0.0295	0.1661
HMGA1P7	0.0877	0.4487	10.9849	0.9156
HMOX1	23.8171	2.9627	2.4481	1.5614
HOPX	314.3821	1279.4904	90.4111	54.5039
HOXA2	2.7537	5.1919	9.0455	30.5244
HOXA9	4.0702	7.1205	19.3370	59.8763
HOXB5	0.7300	0.6370	0.2906	9.7999
HOXC9	7.0770	4.4804	9.6421	31.0272
HP	9.5606	0.8240	0.2252	0.4649
HSD17B6	8.8177	30.8295	6.3188	3.5872
ICAM1	57.2685	4.4741	2.7980	2.3349
IFI44L	38.6793	82.0412	3.4033	7.3026
IFI6	445.3624	887.4779	388.9385	175.0469
IFIT2	20.6922	37.9848	18.4907	5.4585
IFIT3	36.2208	74.9883	19.0404	19.3785
IGF2	6.7593	0.8054	22.0706	2.2987
IGFBP3	1275.9110	294.2104	19.0342	31.7901
IGFBP5	283.2896	88.0902	42.5901	42.5401
IGFBPL1	8.6474	4.7691	26.6950	148.3998
IL1B	30.4233	0.0429	0.1408	0.0682
IL1R1	8.1046	0.4206	0.3113	0.3913
IL1RAPL1	2.3257	4.1426	30.4237	14.4591
IL32	15.5779	2.0598	0.0000	0.5947
IL6	20.9902	0.9042	0.5925	0.0920
INA	7.2793	2.3343	31.2088	63.7917
INSM1	3.3603	1.8111	4.5861	37.5193
ITGA7	52.9949	108.4854	12.8353	16.5286
ITK	5.7856	0.4474	0.1007	0.1094
ITM2A	15.6507	4.7918	317.2143	72.8565
JUP	3.5471	2.4824	1.9476	16.0335
KCNF1	13.9472	22.3253	3.2192	2.3945
KCNH7	7.8749	9.4169	16.5244	68.7085
KCNIP3	1.0887	2.9183	22.8789	6.6009
KCNJ16	2.1981	22.5996	11.3889	4.6613
KCNK1	1.8068	0.8922	12.0503	1.7951
KCNS3	0.4608	0.0022	18.5568	2.9721
KIF13A	6.0273	6.0796	26.2095	9.4774
KIF5A	17.8592	18.1039	46.4765	203.3841
KIRREL3	2.4357	2.1131	1.5100	13.5420
KLHL32	3.0489	3.8291	18.3200	4.9576
KLHL35	0.1509	0.1555	0.8069	22.1470
KLHL4	68.9032	145.9528	49.2639	40.5686
KLK6	1.3905	0.0157	10.2442	2.2042
KLRC4	1.1009	3.2242	29.5290	18.0744
KRT17	5.8642	0.0537	0.0940	0.2667
LAMB3	2.4141	7.1429	1.9550	1.4155
LEMD1	2.8863	2.6602	0.2693	16.4050
LFNG	8.0774	26.1843	2.4957	5.7147
LGALS3	1726.5177	499.5623	24.5812	107.5821
LGI1	4.5487	13.8964	1.1998	5.4399
LGR6	1.4186	10.2770	0.4551	0.1717
LHFPL3	47.2678	154.2641	686.4491	311.9904
LHX1	0.6543	0.0938	0.4601	6.3148
LIMS2	0.8175	0.3188	13.9987	2.1725
LIX1	7.3464	15.0595	6.6362	1.4449
LMO2	17.3067	32.3451	3.2425	4.2304
LOX	100.5333	4.6737	1.7381	2.9867
LOXL2	40.3448	9.6830	3.4532	4.4249
LPAR1	14.4739	26.2389	11.7248	2.0926
LPAR4	0.2792	1.1683	12.5310	4.4808
LRTM1	0.2130	0.0825	0.0000	4.0160
LTF	127.8631	0.3440	0.0133	0.3009
LUM	0.5228	4.3831	1.3355	0.9154
LUZP2	5.8038	19.5540	61.5325	22.3859
LY96	23.7027	3.9052	1.2993	2.1092
LYPD1	29.6473	80.7250	30.8033	13.2230
MAG	1.1944	0.1405	25.1562	0.2417
MBP	23.8635	34.5523	172.3541	52.1766
MDGA2	0.6515	0.6586	24.3238	7.6425
ME1	6.5028	2.1120	16.8436	5.3195
MEGF11	6.3841	11.4616	45.9756	18.0939
MEIS2	16.8406	13.9859	17.7116	83.7733
MEOX2	66.3752	148.1439	45.8435	41.9107
METTL7B	224.6830	533.2665	11.4895	11.4280
MEX3B	1.4437	1.5692	6.6929	17.4267
MFNG	18.6063	9.9525	20.5204	68.0401
MGP	114.4542	8.0518	0.0282	29.2025
MGST1	143.4334	23.9147	4.2362	11.8132
MIAT	19.3693	8.2595	26.5313	142.3746
MIR210HG	17.3137	2.5665	3.2201	3.6846
MIR4441	0.6540	0.0000	1.3515	12.2535
MIR7-3HG	7.8912	2.4374	0.4863	24.5006
MLC1	124.6980	278.1041	35.5809	51.0203
MMP17	3.0982	0.7458	9.3868	3.1996
MMP7	24.5000	0.0000	0.0000	0.0759
MOG	7.4996	6.5766	53.4319	12.2729
MSL3P1	0.7037	0.3877	4.4642	0.6515
MT1G	38.7605	6.2883	9.7872	3.8150
MT1X	1734.2899	246.6792	79.5155	50.3523
MT3	570.3274	881.1200	183.3771	79.0152
MYBPH	14.6132	0.3640	0.1026	0.1198
MYO7B	0.5081	1.2476	8.5470	1.0113
MYOF	8.2153	1.3624	0.0403	0.0049
MYOT	4.0251	4.0968	22.4210	5.2896
MYOZ1	0.7950	0.9481	5.4707	1.0340
MYRF	2.2486	1.7240	24.3261	2.2631
MYT1L	0.0149	0.1335	1.8339	40.9956
NAMPT	705.1340	88.8708	49.5895	56.2741
NDRG1	164.1236	9.6360	3.2842	8.5384
NDRG2	163.7247	548.3379	255.4845	188.4510
NDST4	0.3447	0.0075	1.4512	10.8112
NDUFA4L2	43.7729	3.0437	1.4608	13.9446
NEDD4L	10.2915	4.4689	2.7916	36.1096
NEU4	6.0805	38.9004	183.7121	76.4182
NEUROD4	2.2771	0.1622	1.1305	10.8696
NEUROD6	0.0000	0.0052	0.3910	3.8764
NFASC	45.5673	19.0770	189.7360	46.2820
NHLH1	2.4231	0.6597	0.7593	25.5226
NHLH2	0.2712	0.0455	0.1627	6.8107
NID2	0.5735	0.5509	20.4657	1.2714
NINJ2	0.5725	3.1580	9.5001	1.9588
NKAIN1	0.7951	0.7841	5.9011	10.8519
NKAIN4	9.4359	81.9405	290.0675	147.7101
NMB	57.4884	88.9512	7.1158	5.4617
NNAT	18.8735	27.1999	243.1358	849.8885
NNMT	166.9872	37.3140	8.0948	12.7147
NOS2	24.8772	66.5535	2.8097	7.6648
NPAS4	0.6136	0.1149	0.2528	8.5571
NPNT	39.9856	47.8928	0.7936	4.1093
NPY	7.7573	1.9884	29.5301	76.5329
NPY2R	2.4457	7.4709	0.0028	1.1345
NR0B1	0.9629	0.0661	10.4774	5.9746
NRG1	6.2541	5.8117	2.5127	27.3422
NRN1	265.7670	44.1035	40.0231	43.9743
NSG1	9.7339	9.6230	22.0250	107.6471
NUP107	72.8234	91.1243	155.3642	559.4438
OAS1	33.1372	59.7497	5.3032	6.0518
OAS2	8.8326	15.1345	1.3696	1.3898
OASL	2.3239	7.5750	1.1189	0.3554
OLFM3	0.1295	0.5629	0.1032	6.3637
OMG	15.1240	72.4554	343.5324	138.3888
ONECUT2	0.7451	0.3287	2.4146	8.6007
OPCML	4.1736	4.4188	48.3901	16.9013
OSGIN1	8.8088	1.0531	1.1826	1.2819
P2RX7	25.5765	23.3841	130.6461	41.7598
P4HA2	26.5639	2.8863	3.3004	6.6998
PAK3	3.9220	3.8629	29.3006	100.0272
PCDH11X	7.8677	4.9057	74.2815	46.0795
PCDH15	2.7207	7.3226	77.0212	32.7154
PCDH20	1.9866	1.4696	16.5327	9.5237
PCDH7	1.6183	3.5052	15.4968	4.3534
PCP4	6.5300	4.2737	26.1530	52.6378
PCSK1	34.1190	5.9537	1.6501	8.0817
PCSK2	17.9269	3.0680	7.5279	55.5413
PDGFA	52.3035	88.5761	21.0922	17.3456
PDGFD	10.5660	24.6615	1.3612	4.9230
PDYN	6.5572	0.2434	0.0000	0.8392
PDZRN4	4.3552	3.6621	12.9696	37.5690
PI3	35.0049	0.1651	0.0000	0.0766
PIPOX	44.3546	93.0602	15.9890	29.9898
PKIA	23.2651	15.4358	46.1663	113.0455
PKP4	12.0277	11.5439	48.1111	15.4730
PLA2G2A	5.6719	0.1313	0.0000	0.0421
PLA2G4A	15.2540	15.9262	51.1226	11.7600
PLA2G5	28.6889	36.1854	1.1846	0.4033
PLEKHA6	3.8794	2.3014	8.2990	21.4389
PLIN2	92.6117	14.9061	21.6465	19.4860
PLLP	20.3511	97.0403	233.5112	35.9516
PLP1	32.7128	125.9090	1160.8813	115.6737
PLTP	152.5621	268.4200	26.0112	34.2421
PLXNA4	6.1402	5.1084	4.9582	40.6247
PMP22	419.6673	515.4793	101.4594	43.6387
POSTN	118.9939	329.0984	14.9341	26.7493
POU4F1	0.7310	0.4273	3.9958	14.7052
PPIC	35.9429	58.5931	17.3981	11.1192
PPP1R14A	1.9358	4.1270	17.4943	5.5468
PPP1R16B	0.0716	0.0965	7.1571	1.0539
PPP1R1C	7.4615	42.8239	10.8306	10.0779
PPP1R3C	46.6637	11.2225	7.7158	5.7603
PRDM1	6.5284	13.6806	0.7940	1.8854
PREX1	12.8635	43.9702	15.2122	7.8313
PRKAR2B	6.1501	3.5594	9.9610	27.7255
PRSS35	18.9016	3.3719	0.9577	1.4986
PTGDS	33.2739	9.7529	138.1081	16.7838
PTGS1	9.4262	27.7041	0.0827	1.6656
PTGS2	19.3051	1.3846	4.0390	1.4249
PTPRH	5.7397	0.5244	0.1112	0.7651
RAB33A	9.2500	6.5845	79.3113	39.2796
RAB34	115.2680	208.8659	35.7433	36.1512
RANBP3L	1.7332	6.1492	0.3264	0.3435
RASD2	1.0807	0.0189	0.2279	5.3723
RASGEF1B	6.6022	1.0649	21.6397	7.7185
RASL11B	7.8256	4.8617	75.2171	152.4136
RDH5	5.4220	15.2660	0.6755	1.7941
REG1A	0.0463	3.0104	0.0000	0.0432
REM1	0.1227	0.0955	5.4745	0.3081
REPS2	0.7096	0.8088	8.6494	2.8745
RET	2.3936	8.5789	2.6054	1.7931
RGCC	2.9456	24.3617	68.7080	7.8817
RGS8	3.4685	0.5055	2.7735	14.8709
RHOJ	36.7174	71.1926	15.2402	18.7067
RNASE1	4.8728	11.2526	6.9767	0.8855
RND3	64.6147	24.1251	25.2241	455.4921
RNF128	3.7489	2.0667	11.8968	1.7053
RNF165	6.9237	3.5689	15.9876	33.8043
RPE65	4.1215	10.1846	1.4710	0.2689
RSAD2	7.7017	16.9261	2.4950	3.7652
RYR3	4.7444	10.4454	1.4081	2.5661
S100A10	551.3827	219.7802	41.4792	38.5713
S100A11	233.2440	66.6844	5.6467	7.1387
S100A16	458.7134	613.4920	113.0342	57.6900
SAA1	95.7293	0.0000	0.2051	0.1532
SCGN	0.7340	0.0218	0.0000	17.1719
SCN7A	3.4017	7.1136	1.9057	0.9639
SCRG1	200.3355	432.9674	1482.8324	390.8472
SCRT2	0.3697	0.0497	0.7521	7.7642
SDC4	86.6762	25.8833	2.3150	2.1854
SEC14L1	55.9989	114.3521	39.0807	30.4049
SEMA3E	6.1435	6.9464	31.3530	10.9953
SERPINA3	292.5761	110.4283	14.6078	4.8701
SERPINE1	99.3165	16.2251	0.7779	0.9469
SERPING1	82.1081	26.0312	1.8533	9.6089
SGK1	106.9955	67.5513	213.9788	22.5923
SH2D3C	2.4817	1.8822	2.1150	15.7341
SHISA7	1.3424	2.8261	25.0086	10.5323
SIRT2	109.1430	125.7115	701.2704	126.5234
SLC10A6	12.2870	1.4348	0.0810	0.3745
SLC15A2	6.6911	31.6594	9.1098	3.5552
SLC17A6	0.2272	0.0123	1.9796	15.2393
SLC17A8	0.0741	0.9788	1.6003	10.7375
SLC1A1	6.3019	6.1216	117.3830	27.4006
SLC1A2	45.0160	111.4184	37.0224	38.6841
SLC1A3	535.2974	1098.8069	277.9921	139.8536
SLC20A2	41.0070	71.0216	13.0530	19.5096
SLC25A18	21.8772	42.2783	10.9298	5.6967
SLC2A1	98.5811	21.6198	20.0181	21.6750
SLC2A3	160.6001	42.5697	45.7470	23.4315
SLC30A3	0.6468	0.3512	3.4047	9.4361
SLC32A1	0.0660	0.0097	0.0047	7.7690
SLC38A5	5.6915	1.2216	13.3352	4.2750
SLC39A14	149.3662	26.9119	21.8758	17.7912
SLC44A1	17.5790	15.7175	108.4038	34.5441
SLC4A4	28.8801	58.3462	3.7662	3.2301
SLC6A11	1.3292	14.1015	1.0677	1.9182
SLC6A6	68.8406	1.3095	8.0009	7.4439
SLC6A9	15.9323	56.5770	18.0090	11.7669
SLC8A3	2.3647	0.6811	16.8279	4.9176
SLN	113.3196	14.7785	0.2388	1.9345
SLPI	158.1004	0.2983	5.1799	0.9490
SMIM18	7.5055	8.8257	36.7058	69.3915
SMOC1	7.0625	10.2089	119.1461	39.9905
SMPD3	1.7016	1.7045	5.2123	13.7444
SNAP25	37.0930	21.4693	69.1849	157.5407
SNCA	1.6445	0.2338	8.9273	3.1734
SNORA77	2.3936	1.8300	12.9065	4.8571
SNX22	4.7156	7.4906	80.6623	25.0260
SNX31	0.4014	3.1812	0.0204	0.3271
SOD2	704.4841	83.7285	40.5080	41.3106
SOX10	1.6442	1.1595	44.6502	8.3128
SOX11	30.2790	36.2338	56.2785	211.1913
SOX4	91.1784	101.1202	225.5835	638.1191
SOX6	14.3171	18.7580	109.1721	45.6441
SPAG4	7.4081	0.4235	0.0981	0.2400
SPARC	520.0738	819.7400	206.2580	94.4484
SPATA6	44.6714	113.7385	67.1328	28.6395
SPINT2	1.1280	0.6661	1.1294	16.9740
SPOCD1	44.2565	3.6243	0.0162	0.1586
SPOCK2	26.0346	8.0391	1.8585	3.1306
SPP1	601.1907	166.8121	30.4932	30.9793
SRRM4	0.2956	0.3008	0.4587	6.3082
SST	0.3179	0.0160	0.0000	7.5330
SSTR2	4.3785	2.5164	2.0225	26.9243
ST18	0.7027	0.0161	0.8904	24.6567
ST8SIA2	0.4949	0.2655	0.9439	6.2587
ST8SIA3	0.2436	0.2213	7.9489	10.8964
STAC	15.5189	22.3107	3.2377	2.6019
STC1	10.9853	0.2615	1.8279	22.9412
STMN2	10.0167	4.3805	89.5097	405.4478
STMN4	24.8341	30.3918	63.3400	172.3540
SUSD5	2.8801	1.8535	31.4710	9.8678
SVOP	1.6957	1.2574	3.1787	14.0968
SYNPO	16.4874	2.4009	2.9668	2.2539
SYNPR	1.9409	1.2758	0.0000	16.8754
SYT1	9.4747	0.7782	15.0298	63.1329
SYTL2	89.0657	31.6867	7.0643	4.9287
TAC3	30.3898	5.8719	1.2685	101.8090
TAGLN3	12.5131	36.2562	147.5865	276.7632
TF	10.9853	7.6158	54.0765	9.3835
TFAP2B	0.3418	0.2905	0.5980	6.6323
TFCP2L1	2.2502	10.2218	0.0510	0.3715
TGFBI	21.6117	1.4372	0.5323	3.0199
TGM2	17.8735	0.2388	0.2962	0.4025
THSD1	10.8021	26.7226	8.5456	6.2946
THSD7A	7.3231	14.8185	20.3566	64.0895
THY1	35.3220	84.3759	319.1509	119.7874
TLCD1	12.8739	56.7754	27.1965	11.9824
TLL1	0.2690	0.1132	3.7348	0.1814
TMEFF1	3.4855	1.2350	2.4113	12.7453
TMEFF2	7.2072	1.7832	220.6207	93.3199
TMEM132B	5.4670	11.0564	43.2995	17.9861
TMEM154	16.8941	25.1958	3.2308	4.7840
TMPRSS9	0.8700	1.1185	11.0258	5.7093
TMSB15A	29.4061	32.5957	187.4089	272.9194
TNFAIP2	12.0747	0.8390	0.1201	1.0390
TNFAIP3	25.1615	3.2959	3.9827	3.7569
TNR	15.1256	30.9869	282.7320	65.3888
TNS3	5.1782	8.3616	104.1731	12.1774
TOX3	5.6341	2.6552	15.8005	38.5072
TREM1	69.4583	0.5154	0.0000	0.3440
TRH	0.0039	0.1834	0.1133	5.5825
TRIB3	145.3992	19.7984	12.1649	12.3922
TRIL	16.3344	74.1162	24.4788	34.5772
TRPM3	25.6435	47.5317	1.0383	2.9336
TSLP	9.3272	0.4507	0.2181	0.1741
TSPAN15	3.3445	3.9485	32.1611	9.7078
TTYH1	52.7098	292.8129	171.7674	35.8418
TTYH2	14.7925	45.2817	9.0341	11.4200
TUBA4A	18.8489	3.0181	1.8155	4.6461
TUBB3	251.1299	224.2337	521.3083	1517.0733
TUBB4A	10.3100	10.4632	263.9718	70.6625
UGT8	50.2822	47.0464	260.8814	100.7518
USP43	0.0583	0.6841	6.4504	2.8204
VAV3	3.9601	14.4567	3.0079	4.6564
VCAM1	40.0005	15.9319	0.1279	2.5395
VIP	0.2853	0.0140	0.0647	11.3635
VSTM2B	0.5478	0.0813	10.7048	2.9602
WFDC1	0.9065	1.0439	5.2421	0.5904
YEATS4	74.5987	94.1284	156.6486	498.3257
ZCCHC12	4.3978	3.2374	10.7186	25.6508
ZDHHC23	2.5884	8.3606	1.0328	1.8908
ZFPM2	1.6605	1.5977	9.7503	19.8150
ZNF395	38.9994	7.5159	6.0400	6.2789
ZNF488	0.1646	0.1240	67.9867	12.9111
ZNF536	2.0306	0.5438	14.8203	25.9295
ZNF679	0.7832	0.3011	0.7073	6.7155
