GeneSymbol	MES	AC	OPC	NPC	Macrophage	Oligodendrocyte	T-cell
AATK	0.5895	0.5773	8.0464	1.8537	1.2904	114.2956	0.3001
ABCA2	9.2498	12.2498	16.8545	8.4296	2.0530	583.8504	9.5965
ABCA8	15.3428	19.1521	19.8940	1.6486	0.3874	180.7836	0.0000
ABCC6P2	5.5190	9.2733	3.5942	0.3959	0.0148	0.0000	0.0000
ABI3	0.2162	0.0079	0.0000	0.0041	134.7142	0.0130	74.4255
ABI3BP	12.6869	0.9262	2.5138	0.7590	0.1751	0.0258	0.0000
ACAN	4.7581	0.3784	11.2931	0.2392	0.0055	1.2580	0.0105
ACAP1	0.9587	0.4106	0.1703	0.1825	5.3076	0.0933	177.7396
ACOX2	7.2155	17.8977	0.0450	4.6644	1.0822	0.2185	0.0000
ACSBG1	24.0337	83.7269	0.6045	1.3111	0.0384	1.4442	0.0000
ACSL3	89.3405	242.4396	71.5898	78.9557	68.5492	104.6681	27.6095
ACSS3	40.7469	62.9668	7.6760	5.2953	0.1255	0.0385	0.0536
ACTC1	0.1551	0.2548	7.9799	5.2467	0.0159	0.0077	0.0210
ACTL6B	7.0526	5.9636	20.7752	83.9208	0.0000	0.0000	0.0000
ACTN1	102.8907	36.6329	8.1584	19.0335	25.6113	1.8350	0.0271
ADAM19	9.7925	36.1100	1.6271	7.0644	3.9152	13.4966	52.4395
ADAM28	0.9884	0.0133	0.1300	3.2574	490.0640	0.0000	11.3354
ADAMDEC1	0.0984	0.0350	0.0162	0.2070	107.8223	0.0665	14.2712
ADAMTS4	16.7710	7.5994	13.5160	36.2475	6.9428	300.1924	7.2821
ADAMTS6	1.5944	9.1999	6.3251	3.0458	0.4117	0.8922	0.0000
ADAMTS9-AS2	24.5468	8.1947	0.4150	2.8612	0.0539	0.0000	0.0000
ADAMTSL1	1.2849	1.4918	7.3616	1.7928	0.0000	0.0000	0.0000
ADAP1	0.7757	0.1827	1.5387	1.1683	4.8099	47.1787	0.7149
ADAP2	0.8435	0.3816	1.4156	0.5725	134.2882	0.0053	0.1745
ADARB2	0.2490	0.1039	0.5668	0.6752	0.1414	31.2808	0.6701
ADCYAP1	0.0764	0.0641	0.0505	17.9806	0.0000	0.0610	0.0658
ADCYAP1R1	12.0697	46.2592	17.7476	17.4368	0.0752	0.5047	0.0059
ADM	876.7557	48.1116	11.1373	19.1790	249.3711	6.8373	0.0294
ADORA3	0.4857	0.6304	0.0000	0.3459	546.4739	3.7650	15.3992
ADRB1	3.0485	6.3253	0.9835	1.0907	0.2492	0.0000	0.3700
AFAP1L2	3.5961	8.6826	95.4708	16.5917	0.2229	0.9005	0.4484
AFF3	8.0644	3.1345	6.2547	28.9012	1.3183	1.6090	1.1656
AGMO	16.8811	55.0891	19.9052	15.8164	0.6455	10.7816	0.9235
AGT	301.1930	659.2455	54.1939	62.1060	0.5539	63.2623	0.9175
AGXT	19.1568	0.0000	0.0000	0.0000	0.0000	0.0000	0.0000
AIF1	0.8973	0.4666	0.9364	0.3613	788.5358	1.8200	7.8345
AK5	1.1490	1.6951	3.1699	0.4989	0.1329	116.4251	0.5654
AKAP12	204.7576	10.9529	12.8377	9.0009	1.0418	2.4773	0.0865
AKNAD1	5.5583	4.7325	2.9797	28.3053	0.0054	0.8032	0.0000
ALCAM	33.1278	41.3013	366.2262	88.8929	105.7232	282.8838	7.7469
ALDH1L1	38.0261	73.5122	2.2404	5.7574	0.0518	1.0785	0.0000
ALDH1L1-AS2	5.2097	21.5716	0.0195	2.3952	0.0078	0.0000	0.0000
ALDOC	111.8393	262.5827	99.6479	75.0332	28.9882	83.3161	50.3538
ALG6	23.8448	47.8604	129.6374	45.0604	14.9558	25.0868	37.8996
ALK	2.1980	11.6260	3.4348	1.9724	0.0465	0.6688	0.0000
ALOX5	0.2272	0.0317	0.1254	0.1155	186.3499	2.1136	4.8653
ALOX5AP	2.8230	0.6301	0.8819	0.2908	1690.2803	0.0000	431.6805
AMER2	2.7315	6.3807	4.3087	10.3068	0.3889	109.7071	0.8109
AMER3	0.3645	0.3679	0.6480	10.2428	0.1313	0.1456	0.2306
AMZ1	4.6805	7.5243	28.3648	4.7531	2.8778	2.5735	0.0080
ANGPTL1	3.2034	14.7853	1.3941	6.4672	0.8071	0.1619	1.2086
ANGPTL4	257.9721	2.5715	2.1228	2.7001	63.3371	16.9302	4.5077
ANKRD18A	0.2532	0.1927	0.7885	1.0126	0.1052	30.0808	0.7079
ANKRD2	1.3115	0.0277	9.1267	3.0464	0.0000	0.6474	0.0000
ANKRD20A11P	0.4941	0.4869	0.7467	8.7190	0.1837	0.3003	4.4845
ANKS1B	5.0367	7.2592	53.4847	55.6671	1.3676	385.2948	2.3780
ANLN	17.4869	13.8679	24.3122	16.4674	2.4094	684.3932	1.6563
ANO3	0.1396	0.0427	7.3942	0.9282	0.0034	0.0106	3.2995
ANO4	1.3314	0.3843	7.9467	7.5036	0.0007	75.4364	0.0000
ANO9	0.0392	0.0000	0.0000	0.0195	0.0135	0.0000	66.9082
AOAH	0.5031	0.3578	1.3792	1.7593	225.6682	1.1591	177.7191
APCDD1	2.6614	7.8368	24.2575	3.2674	0.7984	9.1487	0.0000
APLN	9.2293	1.2028	0.2331	0.4418	0.0913	6.2999	0.3712
APLP1	20.5973	21.0856	76.2006	78.8299	1.0560	1450.6359	3.1664
APOBEC3C	31.2104	24.0592	17.5770	18.1022	90.0612	0.0000	591.6272
APOBEC3G	9.4040	7.9524	0.9655	3.1001	40.4217	0.0000	212.6930
APOBEC3H	0.4559	0.0019	0.0957	0.0742	2.2234	0.0188	111.8064
APOC1	11.0148	2.9743	0.6326	1.8221	893.9689	1.8407	12.0734
APOC2	1.1209	0.9632	0.7503	0.5356	678.9981	0.0000	45.5841
APOD	162.3150	95.4024	1007.1492	30.6830	2.1333	3416.1195	8.1081
AQP3	4.8880	0.5218	0.8747	1.1955	1.3238	0.0224	144.1371
AQP4	128.9159	440.2624	8.9224	7.2409	0.4519	1.8179	0.0000
AQP7P3	7.3099	5.6462	24.3805	5.9075	0.5157	0.0086	0.0000
AREG	0.8988	0.0093	0.0232	0.0000	491.1617	0.0000	223.4637
ARHGAP15	0.4282	0.3781	2.6147	1.5755	119.8263	0.8048	266.3114
ARHGAP29	4.2085	0.5471	0.2701	0.1425	0.1244	0.1722	0.0000
ARHGAP5-AS1	10.3588	13.5636	36.4741	4.3951	2.3274	5.1350	0.0000
ARHGAP9	1.0524	0.6219	0.0000	0.4891	84.4808	0.0281	211.9601
ARHGDIB	5.6556	1.2516	0.8066	1.9301	1095.1360	0.0000	2501.6004
ARHGEF10	22.5992	5.5320	3.7269	6.3910	0.7637	15.3602	0.0089
ARHGEF16	0.3442	0.0473	6.0631	0.4425	0.0000	1.4877	0.0000
ARHGEF26	44.8922	82.4500	28.6845	17.9869	3.0021	1.3266	1.2037
ARL4D	28.6093	23.0972	29.9417	149.7807	3.4472	8.4429	14.1597
ARL9	0.9520	9.8491	4.8290	33.0837	0.1479	0.1300	0.0000
ARPP21	3.9097	7.0772	36.4140	12.5885	0.0433	9.0288	0.4727
ARSJ	38.1111	35.0572	0.8222	0.5013	0.7253	0.0000	0.0000
ART3	5.8102	24.0805	3.5708	2.4623	0.0269	62.0154	0.0000
ARX	1.6920	1.1459	0.6794	14.1577	0.0000	0.0000	0.0000
ASPA	4.4285	5.0020	9.3526	1.1714	0.0000	286.4896	0.0721
ASS1	28.5471	7.6396	1.3456	7.6038	0.4729	0.5690	4.8401
ASXL3	1.8207	2.8000	4.7584	18.5207	0.0070	2.9482	0.0000
ATCAY	22.1051	13.9960	204.4622	117.5409	6.6324	5.6478	7.5364
ATP10B	0.4825	2.0850	14.6933	4.4681	0.0212	27.4369	0.0446
ATP13A4	33.4826	121.0629	34.9117	15.1510	0.3010	3.1110	0.0000
ATP13A5	0.3086	2.4078	6.8474	0.4837	0.1022	0.0320	0.0389
ATP1A2	58.0283	331.0302	51.5740	10.6903	2.4261	0.6648	0.4328
ATP1A3	10.9034	10.7651	36.1912	71.5906	0.0289	0.0000	22.5241
ATP1B2	70.9613	223.7346	30.3017	15.4750	1.3527	2.2455	1.6996
ATP2A3	0.1520	0.0188	0.0921	0.3165	2.2783	0.0000	40.0120
ATP2B4	44.4435	29.6392	162.8602	49.4069	13.2576	12.0610	58.3996
ATP6V0A4	0.2542	0.0063	11.5230	0.0315	0.0000	0.0000	0.0000
B3GNT7	3.8841	5.7118	31.7778	3.0539	10.1434	16.0644	1.2546
B4GALNT1	21.1695	26.4995	106.8018	631.6080	0.1020	4.7405	0.0000
BACE2	13.8893	2.6170	0.9706	1.6007	0.2749	22.5379	0.0000
BAMBI	5.6218	2.7294	27.5064	6.0789	1.1494	23.9461	0.0806
BASP1	2.6160	1.5094	17.5197	76.2273	42.3230	0.0000	0.6871
BATF	0.3998	0.0000	0.0271	0.0712	13.1419	0.0000	110.4649
BATF2	5.2436	7.1765	0.0000	0.3635	0.0445	0.5213	0.0000
BBOX1	38.4847	100.7391	0.7030	3.8087	0.4725	0.0000	0.0000
BCAN	144.1059	1577.5865	2272.7010	601.3624	2.6816	18.8850	0.2137
BCAS1	3.5787	3.5486	263.5379	6.0049	1.8615	204.6624	6.9845
BCL11A	5.4224	6.2250	12.8972	57.7879	2.1718	0.1718	0.0301
BCL11B	0.1460	0.3775	1.5639	10.6637	0.1086	0.0000	58.5495
BCL2	1.9200	2.0303	1.6467	2.3856	8.9912	6.1616	63.2405
BCL2A1	0.4230	0.0284	0.0000	0.0436	678.7631	0.0000	74.4550
BCORP1	0.1095	0.0324	0.0000	0.0117	0.0000	0.0000	45.1271
BEST1	8.7780	2.3712	12.7655	6.1018	21.4622	173.8686	0.4107
BEST3	11.4418	20.3287	23.0308	119.5752	0.1884	0.0000	0.0325
BGN	83.8250	15.0081	37.7864	10.2028	1.0196	1.1861	0.0000
BIK	1.3819	0.7076	0.3883	0.4481	3.5386	0.0000	50.7754
BIN2	0.1550	0.0285	0.0817	0.0681	138.6095	0.0000	337.6754
BIRC3	15.3635	1.1431	1.3560	0.0949	11.9131	10.1860	99.9349
BLNK	0.2464	0.1000	0.0000	0.5078	76.8008	0.0280	0.0000
BMP4	1.9835	1.2825	22.9842	1.9449	0.0000	0.0000	0.0000
BMPER	6.0059	2.7043	78.5223	17.4313	0.0018	0.0385	0.0000
BMPR1B	20.4871	32.8532	5.1503	4.8511	0.1616	0.0152	4.8906
BOK	5.3672	3.6093	3.0186	2.0865	0.0186	124.6614	0.0000
BRS3	0.3759	0.0775	0.0571	6.4314	0.0000	0.0421	0.0000
BTK	0.2276	1.4005	0.0662	0.8161	88.3992	0.0000	0.0000
C10orf62	0.7905	0.2444	4.0640	0.1530	0.0075	0.0000	0.0000
C10orf90	6.2138	8.8294	6.0083	2.0557	0.1182	175.0065	0.7224
C16orf54	0.4267	0.3070	0.3518	0.6797	13.0482	0.4141	75.8467
C1QA	1.7444	0.1313	0.4707	0.1546	2435.8295	0.0486	103.0418
C1QB	5.9586	0.2910	0.9082	0.4964	5586.2990	0.9240	219.5618
C1QC	1.8003	0.0875	0.0318	1.0334	2648.3427	0.2691	122.2015
C1QL1	1.1990	2.2186	8.6922	2.1688	0.0036	0.1597	0.0000
C1QTNF1	13.3078	3.4445	2.0856	1.6098	0.0816	0.3288	0.0000
C1R	246.3714	72.8102	8.0913	3.5608	3.7615	4.8714	5.2551
C1S	193.0934	34.2071	2.2626	5.5385	1.9570	3.3460	0.0799
C1orf162	2.4126	0.3301	0.7988	1.7362	316.6591	1.0667	33.7387
C2orf27A	5.1654	4.5133	35.5810	11.9121	0.4707	1.1554	2.7145
C3	164.5405	2.3356	0.0302	0.4629	1331.1664	0.4751	41.0511
C3AR1	2.0359	0.5073	0.0000	0.5435	712.0691	0.0000	106.8416
C4orf47	16.2695	5.0844	3.7035	0.8683	1.1415	0.0000	0.5749
C5AR1	3.1215	0.4577	0.5463	0.8788	373.2575	0.0784	0.3945
C6orf141	29.3482	5.0212	0.2933	0.6131	0.0000	0.0000	0.0000
C6orf15	14.1703	86.3972	0.0171	0.0000	0.2814	0.0000	0.0000
CA10	2.0257	1.5945	309.9842	50.6734	0.0134	0.1437	3.2536
CA12	219.1450	29.4471	9.1823	3.1515	1.8495	0.0432	1.3568
CA2	125.1324	203.5364	17.4190	7.3463	38.3882	2412.2458	3.5290
CA4	5.9645	0.1019	0.2085	0.0072	0.3056	0.0000	0.0000
CA8	10.1732	13.7821	48.0440	84.7369	3.9292	0.0000	0.0000
CA9	95.4103	0.2562	1.0453	11.1110	0.0067	0.7005	0.0000
CACNA1A	1.2077	0.9289	3.1851	11.7979	0.7004	0.1537	0.0000
CACNA2D1	3.0256	0.8542	6.4311	37.8200	0.0565	7.6792	0.0000
CACNA2D3	0.3829	0.1950	0.4344	10.7274	5.1119	0.0000	0.0291
CACNG5	3.0198	0.7284	12.9505	5.8291	0.0000	0.0000	0.0000
CADM2	18.8620	50.5566	244.7049	74.7515	0.3187	107.6461	0.0676
CALB1	17.3493	1.4885	3.5906	3.2822	0.1298	0.0000	0.0000
CALB2	0.2570	0.0013	0.0681	14.5496	1.9516	0.0000	0.0000
CALCB	13.1967	0.0056	0.0000	6.4092	0.0044	0.0000	0.0986
CALCRL	15.6379	16.6178	91.8330	31.6749	1.3937	0.4481	0.0129
CAMK2A	2.4494	6.9131	0.1679	2.0863	0.2919	0.1213	0.0000
CAMKV	5.9905	2.5191	21.0670	34.9139	0.0000	0.0000	0.0000
CAPN13	0.0000	0.0378	0.0000	0.0448	0.0000	15.3929	0.0000
CAPN3	12.2637	7.6669	15.3182	11.7787	23.4307	1841.6364	18.9259
CAPN6	0.2416	5.2645	0.1593	0.7085	0.0000	0.0000	0.0000
CARNS1	0.6208	0.2986	1.7756	0.1921	0.2783	249.9876	3.7351
CASP8	10.5043	9.1617	3.0411	5.4370	24.0824	2.1598	203.2476
CAV1	122.2200	5.3150	22.6785	1.6763	0.5155	53.1524	0.6176
CAV2	15.8937	2.8013	37.1323	9.5120	1.1559	49.9913	1.5094
CBX2	2.7385	4.8257	10.8700	24.6038	0.4376	0.2029	0.0000
CCDC102B	22.2151	36.9578	4.9622	8.6994	1.1838	1.2683	0.2645
CCDC80	26.2662	108.0078	2.4409	7.6012	0.1424	0.2412	0.0000
CCL2	228.4405	25.6753	0.8571	0.4729	154.2196	1.7376	0.1965
CCL20	0.9309	0.0227	0.0000	0.0881	172.7182	0.0000	28.5980
CCL26	3.4641	0.0000	0.0000	0.1994	0.0000	0.0000	0.0000
CCL3	5.5790	0.1631	0.1959	0.1897	4612.9394	0.0397	75.3438
CCL3L3	0.8687	0.4249	0.0000	0.1879	1322.4590	0.1085	7.8863
CCL4	6.8333	0.1922	0.0000	0.0445	4353.1190	0.0837	1228.6117
CCL4L2	1.9766	0.1546	0.0795	0.0619	1912.5991	0.0000	60.6324
CCL5	51.1427	41.5363	51.8574	82.7386	51.3028	36.6175	2589.9803
CCL7	23.4615	0.0000	0.0000	0.0000	1.9717	0.0000	0.0000
CCR2	0.1126	0.0438	0.0000	0.1453	9.9642	0.0000	59.6455
CCR4	0.0121	0.0113	0.0000	0.0746	0.0000	0.0000	63.1148
CCR5	0.0055	0.0071	0.0000	0.0000	27.8369	0.0000	123.4946
CCR7	1.0697	0.0861	0.0201	0.1433	3.2361	1.6922	109.6365
CCR8	0.0645	0.0465	0.0000	0.4040	0.0000	0.8608	30.4555
CCRL2	0.6370	0.0041	0.0000	0.0888	132.9397	0.0000	12.6685
CCT2	289.2819	361.8920	501.4857	2176.7106	88.2209	132.6012	159.7494
CD14	3.0391	0.8063	2.0752	4.9271	1711.5141	1.3190	15.0521
CD163	0.3350	0.0136	0.0000	0.0032	1120.4852	0.0000	14.0564
CD2	0.1543	0.0168	0.0044	0.0111	2.9639	0.0000	1171.2965
CD200	5.8103	20.1291	69.5577	148.8119	0.0000	51.5547	0.0361
CD22	0.0895	0.0000	1.4444	0.0129	0.7528	37.8687	0.5592
CD24	60.8487	20.0174	295.0539	1397.6236	3.6733	7.6284	4.1715
CD247	1.8727	0.4336	0.9726	3.3717	0.2178	0.0000	389.9440
CD27	0.6808	0.5192	0.6027	0.6624	0.3238	0.7989	189.2779
CD28	0.2379	0.1912	0.4708	0.3343	2.0467	0.2243	86.0079
CD300A	0.6095	0.2772	0.0000	0.1468	214.1740	0.0428	11.7135
CD300C	0.1720	0.0423	0.0000	0.0071	67.6526	0.0000	0.0000
CD300LF	0.1874	0.0047	0.0000	0.1240	51.9519	0.0000	12.2376
CD33	0.2050	0.0000	0.0000	0.0046	110.5678	0.0000	0.0000
CD38	0.7759	0.9214	0.4209	0.1246	8.5529	0.0000	83.9784
CD3D	0.0000	0.0000	0.0285	0.0370	1.9296	0.0000	1412.4008
CD3E	0.0446	0.0035	0.0720	0.0312	0.5400	0.0000	386.2445
CD3G	3.0907	2.7709	2.8681	5.7720	4.0811	2.3883	317.9120
CD4	0.5054	0.5862	0.2259	0.0499	291.1300	0.0000	132.0625
CD40LG	0.3212	0.0408	0.0138	0.0054	0.0020	0.0350	124.9901
CD44	266.7780	40.7789	0.0778	2.5596	154.9272	13.5377	456.5634
CD48	0.2169	0.1966	0.0000	0.0525	64.2777	0.0473	749.3141
CD5	0.6321	0.1271	0.1288	0.2074	0.4362	0.0040	200.7309
CD52	0.2013	0.0161	0.0000	0.0000	17.1728	0.0000	1137.7090
CD53	1.1996	0.0870	0.0278	0.6140	1000.2556	4.3463	1102.5191
CD6	0.0648	0.0536	0.0000	0.0732	0.5313	0.0000	36.7540
CD68	45.1392	6.5754	7.8740	13.0758	915.9270	7.1152	19.7261
CD69	2.2260	0.6199	0.0621	1.0118	440.5273	0.0141	1302.5500
CD7	0.1314	0.0021	0.0000	0.0000	0.2001	0.0000	47.1892
CD74	181.7038	39.8419	1.2137	5.0554	15721.0503	51.3378	1240.1180
CD79B	0.1621	0.0321	0.0000	0.7145	0.3615	0.0000	21.9683
CD82	74.8798	373.0642	174.7088	98.9040	48.3746	265.7120	116.1355
CD83	16.4780	8.1916	21.1793	13.3406	1387.0186	0.1391	44.3646
CD86	1.2830	0.1498	0.0382	0.0267	275.6352	0.0000	2.7773
CD8A	0.1247	0.1016	1.3057	2.8234	0.9233	0.0308	967.0205
CD8B	0.0756	0.0221	0.0000	0.0000	0.3799	0.0000	395.8388
CD93	0.0416	0.0143	0.0062	0.4491	43.6310	0.0092	0.0000
CD96	1.9256	1.6633	2.7605	3.5221	1.8068	1.5755	350.0381
CDC42EP1	7.5862	8.8622	5.2213	3.6799	0.5704	97.4220	0.2398
CDC42EP2	5.5439	2.4721	3.9204	4.0062	6.9219	216.4561	0.1711
CDC42EP4	146.9090	257.0552	46.9952	66.5596	3.3436	11.2454	3.2940
CDH13	13.3250	15.6019	76.8221	39.0140	2.8901	23.9246	0.0000
CDH18	0.0000	0.0000	14.9740	4.8340	0.0000	0.0156	0.0000
CDH19	2.2941	0.8119	24.1028	3.1568	0.0824	66.7207	0.0070
CDH5	10.1532	3.5089	0.0000	1.4825	0.5127	0.0000	0.0000
CDH6	37.9363	100.6816	6.7581	8.2242	0.6696	3.7086	0.1995
CDK18	13.4545	7.9205	11.4415	5.6260	4.2043	301.9426	1.6255
CDK4	197.4100	483.7347	542.6047	1681.3527	38.3745	62.6810	24.2717
CDK5R1	5.1759	6.3623	17.8504	68.0525	0.5395	2.6537	7.2844
CELF3	1.3396	1.1189	4.4014	21.7273	0.1204	0.0642	0.0420
CELF4	2.9356	2.7820	3.1257	36.7501	0.1043	0.0097	2.1801
CELF5	0.8485	1.1395	6.1678	14.0837	0.0006	0.1713	0.0000
CELSR3	4.9760	6.1047	14.7538	33.8123	0.3836	1.2080	1.0971
CERCAM	13.9705	19.4890	31.6397	10.7762	3.4533	421.0463	0.4470
CES4A	0.9928	0.3125	0.9813	0.1257	7.6298	62.9992	4.0117
CFB	11.7282	1.1372	0.7900	0.8717	4.0291	0.1873	0.6915
CFI	33.8595	18.1338	0.5584	2.6397	5.9747	0.0000	0.0409
CHAD	0.0481	0.0285	2.8697	0.0747	0.0041	0.0000	0.0000
CHADL	0.7719	0.9132	8.2582	1.3997	2.6893	47.8592	0.3394
CHGA	1.3414	0.4229	5.3050	14.2549	0.1787	0.3040	0.0448
CHGB	18.3020	12.4766	52.4748	89.6552	0.0000	0.0000	2.2532
CHI3L1	12133.0325	378.2086	0.7342	11.9190	12.4864	18.8847	0.0000
CHI3L2	488.2857	5.4088	3.7716	4.1393	1.1343	0.1500	11.7060
CHIT1	8.3424	0.1458	0.1669	0.3302	0.2562	0.2516	0.0550
CHN2	2.0686	10.4772	11.5394	16.0424	18.7285	218.7446	15.7864
CHRDL2	2.9243	0.0000	0.0000	0.0286	0.0104	0.0000	0.0000
CHRM5	0.0158	0.2976	0.9681	0.1677	0.0783	27.1031	0.0299
CHRNA1	21.2048	100.2641	0.0278	13.4445	6.7708	0.0000	0.0000
CHRNA9	32.2961	5.7216	1.0928	0.0173	0.1080	0.0000	0.0000
CHST7	5.5969	16.1876	2.7319	2.7608	1.9571	0.0000	1.6330
CHST8	7.9869	32.8624	6.7268	9.2550	0.0054	0.9320	0.0000
CISH	12.4604	13.1912	3.5436	4.2332	14.4965	0.0470	188.6572
CKMT1A	0.4251	1.7764	20.4591	11.0677	0.0000	0.0034	0.0000
CKMT1B	1.5948	1.5477	25.8204	12.6392	0.0000	0.0034	0.0000
CKMT2	12.3730	1.4560	1.7534	0.5172	0.0835	5.4558	1.9073
CLCA4	0.0235	0.0248	0.0000	0.0113	0.0022	76.6660	0.2816
CLCF1	28.5565	0.3790	0.0000	0.6314	1.5143	2.3153	3.5959
CLDN10	16.9443	39.8175	15.9843	12.1996	0.3388	0.2468	0.5646
CLDN11	9.4372	2.4461	145.3038	6.1250	5.5868	1564.4194	3.2465
CLDND1	353.8044	308.8932	383.2749	211.5412	101.2099	7063.2355	310.6850
CLEC12A	0.0402	0.0686	0.0856	0.0208	43.5951	0.0000	2.0950
CLEC3B	4.3706	0.2985	0.0000	0.0451	0.5454	0.0000	0.0000
CLEC5A	1.9839	0.8320	0.6805	0.1766	175.1186	0.0000	0.0000
CLEC7A	3.2001	2.2922	3.3210	4.3545	400.4523	2.1824	22.7525
CLGN	12.4674	1.9776	23.4302	40.1778	0.0880	1.4553	0.0000
CLIC3	0.0000	0.0736	0.0074	0.0758	0.2204	0.0000	94.8381
CLIC5	0.0193	0.0094	0.0698	0.1147	0.0717	0.0000	32.0699
CLMN	3.2429	2.6098	1.0757	0.4029	1.9119	71.6836	0.4150
CMTM5	2.1023	6.6960	62.3222	8.8491	0.1083	161.8141	0.0000
CNDP1	0.5826	0.2197	5.5170	0.3396	0.7497	2660.7213	6.7553
CNGA3	31.1733	52.0989	3.3105	8.8614	0.0627	0.0000	0.0000
CNIH3	54.4617	68.0445	10.8156	5.0189	0.1063	0.0316	0.0579
CNN2	17.3590	2.1807	5.1395	7.0643	24.9915	9.1969	253.2624
CNP	76.4674	181.3700	489.3481	99.2568	32.5173	3517.8893	28.8446
CNPY1	3.8649	7.8514	6.6309	46.3195	0.1102	0.0000	0.0000
CNTN1	26.1055	71.3090	358.6018	110.3099	0.0526	23.6498	0.0285
CNTN2	2.8167	1.5313	32.4841	36.0611	0.2426	393.8590	0.2049
CNTNAP3B	20.1146	6.5306	2.3855	1.6623	0.0718	0.6103	0.1966
CNTNAP4	0.3911	0.2314	5.0149	7.6162	0.0961	183.1796	0.7084
COL11A1	8.0191	2.8382	78.4093	9.9184	0.0024	0.3727	0.0000
COL16A1	17.9882	59.1357	41.2779	7.6665	0.0866	46.5874	0.0304
COL20A1	4.5429	14.0159	112.2707	20.9934	0.0152	0.0547	0.0000
COL25A1	12.0205	3.5768	1.1504	2.0247	1.0757	0.0000	0.0000
COL28A1	5.8120	43.8062	6.4680	2.7173	0.0151	0.0095	0.0000
COL4A2	24.7443	27.3356	2.1117	2.6311	1.8741	0.0000	0.0000
COL4A3	0.3042	0.5410	12.4143	5.1039	0.0288	0.0030	1.2179
COL5A1	10.9053	1.3200	0.6568	0.1772	0.6337	0.0435	0.0106
COL6A2	22.6457	2.6673	0.1653	0.4853	0.5221	0.0000	0.7340
COL8A1	20.5096	6.5263	5.5165	1.8628	0.0373	0.4257	0.0000
COL9A1	4.5967	3.1684	170.9645	19.2070	0.1319	5.7205	0.0000
CP	20.4183	2.9121	0.7271	0.7235	1.1718	0.6838	0.7939
CPEB1	10.4776	4.1414	1.0969	1.9967	0.0262	71.5861	0.1436
CPNE4	17.9195	120.4809	4.2747	14.8177	0.0020	0.0173	0.0000
CPNE5	1.9679	11.3676	3.1657	0.6117	1.5830	0.0000	0.0875
CPNE7	1.1295	0.0391	0.6274	0.5169	0.0517	0.0000	29.5559
CPSF6	59.5095	74.9437	104.4788	372.4065	30.5931	39.9913	37.9589
CRABP1	2.0722	0.0288	0.1261	133.2231	0.1798	0.0000	0.0000
CRABP2	24.3391	2.5769	3.5810	3.3088	2.1597	2.8775	1.1424
CREB3L1	5.0430	10.2983	3.7761	3.0092	0.0000	0.0000	0.0000
CRH	1.4045	14.2562	0.0000	0.0410	0.0000	0.0000	0.0000
CRHBP	0.0057	0.0044	0.2921	0.0000	0.9564	80.3823	0.6615
CRIP1	5.8872	1.3380	1.1319	5.0893	15.3731	0.3235	353.7860
CRYAA	40.0181	0.0000	0.4137	0.0000	0.0567	0.0000	0.0000
CRYAB	1128.4234	446.6517	73.9430	75.9751	41.1919	6596.4250	25.1630
CSDC2	1.7093	0.5626	0.2821	10.6413	0.0239	0.0596	0.0000
CSF1R	1.8845	0.5519	0.5429	0.6832	1011.2921	0.0051	13.9171
CSF2RA	1.0047	0.7901	1.4446	1.4550	91.5160	0.9603	0.7363
CSF3	15.1550	0.1677	0.0327	0.4424	0.3515	0.0000	1.8392
CSF3R	0.0617	0.0908	0.0070	0.0064	131.9756	0.0000	1.2951
CSMD3	0.7178	1.4051	18.7873	6.0399	0.0201	1.9610	0.0000
CSRP1	92.3084	120.2001	56.5017	40.0304	46.6443	2412.8298	100.5810
CST3	1133.5514	4939.0915	430.0528	283.0010	1482.7798	54.9334	39.6149
CST7	0.1715	0.0607	0.0527	0.1710	11.2098	0.0000	433.9449
CTLA4	0.0046	0.0013	0.0082	0.0032	3.0142	0.0000	93.9629
CTNNA3	0.8881	1.3539	5.9035	2.7211	0.0347	59.3578	0.0151
CTSH	18.7214	7.6243	4.2940	3.2383	528.5632	0.5798	17.7818
CTSS	5.6776	4.1562	2.4379	3.9532	560.0961	1.7612	119.9981
CTSW	0.8736	0.1523	0.2484	0.1418	5.6763	0.0195	71.9044
CX3CR1	1.0289	0.1170	1.2253	0.5760	322.0300	0.3332	31.5700
CXCL1	0.0256	0.0121	0.0000	0.0000	63.8818	0.0000	0.0641
CXCL11	34.0317	10.0165	1.9589	0.6036	1.1762	0.0000	0.0000
CXCL14	118.9342	25.9928	0.0536	1.0818	0.0952	0.0198	0.0764
CXCL2	293.9568	9.4185	0.0000	1.1484	489.7114	3.3714	0.0000
CXCR3	0.2394	0.1026	0.5146	0.0299	0.3827	0.0000	102.6836
CXCR6	0.9239	1.4067	0.6397	0.8996	0.1525	1.8954	435.1204
CYB5R2	5.3207	14.9919	8.4579	0.7037	0.4719	133.8215	0.0000
CYBA	2.2575	0.9687	0.1450	0.2819	236.9962	0.0000	88.4484
CYBB	0.4865	0.0108	0.0552	0.2612	511.3844	0.0000	8.1656
CYP2J2	2.0861	7.5775	9.5627	2.4490	0.0000	148.8984	0.1260
CYP4X1	0.1419	0.5733	1.2944	6.5142	0.0000	0.0000	0.0000
CYTH4	0.2458	0.0919	0.8129	0.2107	84.7077	0.0000	49.1898
CYTIP	0.3915	0.0475	0.0000	0.2529	86.5153	0.0131	972.7418
DAAM2	1.5566	1.7961	0.4464	0.4117	2.4957	114.9571	0.2190
DAB1	1.3928	1.8140	10.3044	2.8930	0.0180	0.0784	0.0000
DAB2	3.1523	0.2727	5.3771	1.9843	112.0205	0.8415	2.6738
DACH2	0.6063	0.0298	17.5398	8.3753	0.0000	0.0000	0.0000
DAPL1	1.2410	1.4284	38.9801	14.6113	0.0000	2.6233	0.0000
DAZ2	0.0000	0.0108	11.1461	1.9471	0.0000	0.0000	0.0000
DBI	1033.1567	3817.0144	1420.9626	633.2316	288.9489	376.7125	158.5215
DBN1	54.5252	95.2415	152.3853	380.5207	0.8213	0.3585	0.9612
DBNDD2	108.9829	115.5962	114.2443	47.3497	89.1430	7766.5009	19.0986
DBX2	8.9854	20.5950	0.4066	1.9856	0.1430	0.0000	0.0000
DCAF4L2	0.2462	1.1758	7.9165	0.8351	0.0000	0.0000	0.0000
DCC	4.2677	10.8508	16.3396	51.8744	0.0400	1.5654	0.0064
DCN	42.6923	76.3299	0.0000	1.8502	3.9959	0.5728	0.2029
DCT	2.8620	1.2174	9.8735	1.6764	0.4029	0.2970	0.0000
DCTN2	256.0276	271.0744	400.6285	1660.0119	95.4863	331.6823	144.7256
DCX	4.5046	9.9109	58.3868	249.3840	0.4015	0.3148	0.2805
DDAH1	61.2676	143.2204	81.9144	43.3431	0.3615	2.5550	0.0000
DDIT4L	26.3262	4.1153	0.0000	0.1125	0.1570	1.5085	0.0206
DENND1C	0.0434	0.1021	0.2523	0.0144	19.0457	0.0498	79.8504
DENND2D	3.2104	1.5117	1.8822	2.5167	14.3022	1.3191	190.8763
DGAT2	0.6433	0.4177	6.2478	3.1525	0.2451	0.0041	0.0000
DGKB	10.8776	22.5148	102.8707	51.3104	1.3522	2.2241	1.8039
DGKG	17.3970	46.2555	42.2911	13.4764	0.5252	3.4734	0.0000
DIRAS3	89.4493	91.5525	9.4273	9.5574	0.6477	21.8723	0.0000
DLL1	12.3403	31.2787	69.5836	195.9876	1.6598	25.4645	0.0000
DLL3	4.1459	46.0800	202.6419	155.6017	0.0067	0.0000	0.0000
DLL4	0.7935	0.0008	0.3088	5.8352	0.0190	0.0061	0.0000
DLX1	2.8743	3.2426	2.6271	156.6956	0.0000	0.0455	0.0000
DLX2	2.4445	0.9223	1.1939	49.0944	0.3418	0.0207	0.0000
DLX5	3.9144	0.6682	20.5951	578.5564	0.0000	0.0000	0.0000
DLX6	2.9001	0.1661	10.9022	124.3185	0.0132	0.0000	0.0000
DLX6-AS1	8.1581	2.1135	6.5021	715.8610	1.7216	1.9718	2.7028
DMRT2	0.3594	0.5246	7.4053	0.9600	0.0051	10.0410	0.0000
DNAH11	12.9608	1.2885	0.5502	0.6809	0.0920	0.0466	0.0166
DNAJC6	11.7532	7.7353	19.4854	22.5407	0.0433	181.4535	0.6836
DOCK5	0.0700	0.1132	0.4233	0.5727	14.9493	132.6340	5.5601
DOCK9	3.4521	3.6306	9.4511	8.6700	0.0349	104.5870	6.5620
DOK2	0.2826	0.0227	0.0000	0.0118	23.8238	0.0000	182.7795
DSCAM-IT1	0.1717	0.0908	9.3731	3.7026	0.4480	0.0000	0.0000
DTX3	11.4283	12.3432	19.0216	76.9051	0.8091	7.8071	2.1885
DUSP2	2.3898	0.8829	0.9674	1.2725	113.6664	0.5509	341.4616
DUSP26	7.9588	6.9079	50.1127	70.5457	0.0663	31.1694	0.7419
DYNC1I1	4.6542	3.1625	12.8500	131.1308	0.0717	102.3817	0.0000
DYSF	0.1666	0.0528	0.0716	0.2915	3.1126	24.2617	0.2107
E2F3	5.1385	7.7006	31.3463	14.4888	5.8455	0.0025	11.4182
EBF1	4.8056	0.6531	1.9585	26.5477	0.1745	0.3033	0.0000
EBI3	1.8225	0.0000	0.0000	0.0000	63.8795	0.0259	0.0000
EDIL3	5.2090	1.3840	22.0837	11.2230	0.0690	473.9163	0.4607
EDN2	4.7672	0.0407	0.0000	0.5975	0.0015	0.0000	0.0000
EDNRA	4.6270	0.9977	0.3620	0.2660	0.3002	0.2802	0.0000
EDNRB	35.9474	307.3385	57.8891	29.9559	20.7251	0.5731	0.0000
EFCAB3	16.1230	1.6177	1.7233	3.4344	0.2807	0.0924	0.0374
EFEMP1	509.1231	117.3007	14.9992	168.9857	0.1557	5.8200	0.0000
EFHD1	8.5570	7.1499	1.7478	5.6794	0.3848	439.9288	0.4374
EGFR	624.2727	1400.1152	214.9021	438.5012	1.8787	2.3559	0.0000
EGFR-AS1	40.5234	99.3157	11.7027	50.6699	0.1989	0.4021	0.0000
EGLN3	155.2924	13.3945	21.5402	8.2182	14.3181	178.4298	0.7349
EHD2	86.7878	43.9248	7.9519	3.7124	1.6035	5.2069	0.7578
EHD3	8.3218	16.0223	61.4523	15.0587	0.7206	13.7963	8.4822
ELANE	5.7927	0.3288	0.0000	0.0306	0.0000	0.0000	0.0000
ELAVL2	2.0849	0.5644	6.4818	37.4218	0.0757	0.0000	0.0000
ELAVL4	19.2845	16.8700	31.4810	331.4282	6.4648	0.0000	0.0000
ELFN2	0.0818	0.2951	4.7300	1.3144	0.0000	0.0000	0.0839
ELOVL1	68.6393	101.1002	51.2063	24.7713	115.3935	1615.8639	76.6171
ELOVL2	53.9906	152.6191	1.9843	27.4765	0.1197	4.9795	0.0000
ELOVL2-AS1	3.9069	9.7807	0.3981	2.1909	0.2393	0.2400	0.5920
ELOVL7	1.3319	1.1610	3.4565	3.4572	0.9380	42.6411	1.0644
ELSPBP1	3.9977	8.3669	0.0000	0.0000	0.0000	0.0000	0.0000
EMB	0.4080	0.0113	0.7584	0.4431	100.0376	0.0000	480.3099
EMILIN3	2.8713	28.7699	5.2587	8.7232	0.7567	0.0000	0.0000
ENKUR	20.0204	36.3639	5.3381	3.9719	0.3218	0.8076	0.1018
ENPP2	1.8123	1.7202	31.3371	2.1210	12.5636	2169.7242	5.8635
ENPP6	3.0250	12.3276	63.6238	1.7231	1.1639	130.3446	0.5171
ENTPD2	3.1889	5.0967	0.3714	0.1941	0.0044	0.0163	0.0000
EPAS1	267.3625	43.1273	11.1932	2.1858	12.3580	0.9563	14.7715
EPB41L3	0.4654	0.0396	1.4732	0.2804	29.1081	188.9447	0.1912
EPHB1	15.4816	12.8568	138.6245	42.7648	0.0239	0.1702	0.4565
EPN2	37.3961	152.2423	112.9176	52.5337	6.7753	97.1737	2.4414
EPO	3.6407	0.3645	0.0000	0.2265	0.0000	0.0000	0.0000
EPS8L2	9.4367	1.0302	1.9351	1.7125	0.1196	0.0000	10.7804
ERBB3	5.4772	6.2351	141.5024	15.1688	0.8069	260.6056	4.9251
ERMN	1.4854	1.2123	7.9846	0.7212	0.8293	2201.9632	21.7253
ERP27	0.9336	1.0931	0.9997	0.6610	4.9830	0.0110	40.2037
ERRFI1	176.0273	52.9388	37.8063	40.7127	27.4315	52.4483	16.5613
ETNK2	13.6438	8.5012	44.5103	25.2452	0.4010	0.0000	8.6203
ETS1	5.1290	3.4746	11.1811	6.2442	1.6074	0.0223	139.8955
ETV4	16.9332	42.3134	0.6388	5.3006	0.1885	0.8363	0.0000
EVI2A	6.0120	2.9974	59.2287	13.7901	250.0615	1078.9633	268.7867
EXTL1	1.1170	0.6424	10.0659	2.0318	0.0000	0.2486	0.0000
EYA1	3.2948	4.1606	20.7826	66.3415	0.0000	0.0112	0.0000
F3	253.6771	361.4575	36.9745	18.4378	3.9521	2.5360	2.1552
FA2H	0.2476	0.0888	18.1895	1.2859	0.0000	87.6899	0.9931
FABP6	0.0694	0.3863	6.0467	12.0368	0.1522	0.0000	0.0000
FABP7	389.6123	1440.8697	333.8397	338.1641	0.6928	1.2631	0.1905
FAM107A	15.9651	36.0133	3.2409	2.6969	3.9810	1.7762	0.0000
FAM107B	2.1330	4.5319	19.4769	10.7598	13.1413	321.3536	80.1485
FAM131C	0.7954	0.0467	4.3047	0.9329	0.0086	27.5273	0.4096
FAM171A1	4.3858	11.6672	10.6296	12.0103	0.2393	140.7066	0.1531
FAM178B	0.4427	0.5043	2.5485	0.1740	0.2088	21.3656	0.1585
FAM180A	80.0656	0.1918	0.8515	0.6620	0.0023	0.0000	0.0000
FAM201A	0.2038	0.0222	0.0670	0.2659	0.0831	31.1751	0.0939
FAM20C	65.3545	17.9901	12.1412	16.2832	13.5201	9.1672	0.0000
FAM89A	1.4676	1.0780	13.5030	6.6754	2.3793	1.4413	0.0000
FASLG	0.0000	0.0215	0.0064	0.0122	0.0602	0.0000	97.8675
FAT3	7.9620	26.0627	4.6174	12.3990	0.3326	0.3467	0.4655
FBLN1	19.2088	4.4744	12.0598	56.7685	1.2216	1.8433	1.4387
FBP1	1.5963	0.2955	0.1791	0.0688	119.6237	0.0000	22.8739
FCER1A	0.0000	0.0000	0.0000	0.0000	95.8507	0.0000	0.0000
FCER1G	6.8308	2.6000	2.1030	4.3286	3556.7525	0.0000	37.8776
FCGBP	1.1848	0.5217	0.1950	1.2967	282.4965	0.0000	4.9885
FCGR1A	1.3076	0.4605	0.3554	0.3951	378.0812	1.8750	2.3699
FCGR2A	9.5048	5.4698	2.6245	1.3025	911.8956	1.9406	28.5735
FCGR2B	0.0967	0.1303	0.1379	0.0687	221.1678	0.1065	5.7485
FCGR2C	0.4280	0.2660	0.6475	0.0953	75.6113	0.0313	0.3740
FCGR3A	1.3247	0.1119	0.3458	0.3590	2380.4192	0.0063	77.7781
FCN1	0.0000	0.0000	0.0000	0.0000	83.7108	0.0000	0.0000
FCRL3	0.0000	0.0070	0.0000	0.0029	0.0000	0.0000	20.8814
FCRL6	0.5146	0.0171	0.0823	0.0314	1.6606	0.0000	77.6616
FCRLA	2.4715	0.8539	25.6547	0.8302	0.8679	3.4542	0.0000
FERMT1	6.5873	8.2332	71.3351	29.9420	0.0098	0.3000	0.0000
FGD2	0.1986	0.1296	0.5626	0.1579	101.8906	0.0270	8.9049
FGF1	29.8567	35.8275	4.7632	1.2453	0.3714	305.6427	0.3408
FGF12	6.4922	7.3105	141.4417	19.6333	0.8630	1.7373	0.0000
FGF14	15.1990	28.7331	98.6736	39.4190	0.0165	0.2367	0.0452
FGF9	1.4294	1.5832	5.9344	27.6246	0.3115	0.3780	0.0000
FGFBP2	0.6086	1.6026	0.6602	0.8772	0.0000	0.0000	40.8129
FGFBP3	1.6500	11.6238	7.2028	3.3243	0.1571	0.2105	0.3284
FGFR2	7.2461	10.8539	3.7272	6.4995	1.4309	178.0960	2.7269
FGFR3	2.3925	9.5745	1.0454	2.0295	0.0094	0.2453	0.0000
FGL2	2.3656	1.5122	0.6889	3.2382	165.7836	0.4841	21.4001
FGR	2.1141	0.4313	0.0146	0.1544	138.7930	0.0000	1.0528
FIBIN	74.7847	204.3419	453.4364	29.5961	0.1928	0.0506	0.0000
FLJ16779	0.0974	0.8191	5.1281	1.9094	0.1450	0.0443	0.0933
FN1	206.2744	26.1974	7.9804	7.5747	130.5440	3.9088	0.0331
FNDC5	1.9015	1.5556	3.2204	17.7336	0.0649	2.1110	3.1511
FOLH1	2.0885	1.6785	2.9118	2.0823	0.1577	730.5937	1.1279
FOLH1B	0.1128	0.0544	0.1175	0.0342	0.0110	29.7999	0.0000
FOLR1	9.6127	2.1759	0.0000	1.7010	0.1830	0.0000	0.0000
FOLR2	0.3298	0.0285	0.0000	0.1541	529.9545	0.0000	25.2739
FOSL1	22.6387	4.2651	1.7299	1.7694	9.2765	0.4906	0.0000
FPR1	0.2942	0.0156	0.0315	0.0256	991.9396	0.0000	10.0860
FPR2	0.0841	0.0059	0.0000	0.2027	44.3440	0.0000	0.0000
FPR3	0.6469	0.6655	0.6867	0.9935	92.8471	0.0107	0.5786
FRAS1	0.6660	0.9619	0.7551	9.0921	0.0176	0.0112	0.0417
FREM2	11.9036	32.5549	14.2848	14.3170	0.1804	2.0486	0.1036
FREM3	0.0168	0.1781	2.7690	0.1684	0.0349	0.0340	0.0846
FRK	0.0000	0.0128	0.5546	0.2749	0.0103	17.4940	0.0000
FRZB	38.0515	2.6739	22.3846	4.8656	0.6401	0.0000	0.0000
GABRA3	3.7823	6.0277	29.7724	18.8861	1.0271	0.0000	0.1134
GABRB3	2.2342	0.6143	12.7589	17.3339	0.2404	0.1785	0.0000
GAD2	0.0160	0.0130	0.0000	5.1973	0.0000	0.0000	0.0669
GADD45G	14.2710	8.1043	22.8095	75.2507	7.5559	0.0442	3.3845
GAL	12.6948	2.8726	0.4691	3.7221	0.0000	0.0000	0.0000
GAL3ST1	3.1280	0.2782	8.2175	0.9058	0.1728	44.6041	0.0000
GALNT13	2.7920	3.1250	58.5439	19.9984	0.0087	14.4296	0.0000
GALNT15	47.3241	8.2689	2.7047	2.9822	0.9432	126.0434	6.2887
GALNT9	4.5737	0.2336	8.3823	1.5643	0.0582	0.4704	0.3914
GALR1	8.1490	11.6338	4.3308	1.8399	0.0135	0.0000	0.0000
GAPT	0.0672	0.0538	0.0368	0.4225	43.7521	0.0475	0.0742
GATA3	0.5039	0.6802	0.0527	0.6713	0.0947	0.0000	22.8069
GATM	152.1129	748.0150	241.5883	62.3002	117.9290	423.9895	5.2055
GBE1	223.7836	44.6559	75.5786	55.6137	61.6913	34.2619	9.9559
GBP1	166.1953	78.5637	10.1506	3.7139	26.0926	66.1932	93.0421
GBP2	102.1369	5.7975	0.3211	0.1947	86.2246	66.3777	123.2892
GBP5	3.3964	1.3580	0.9308	1.5724	10.5121	0.6352	111.8634
GCHFR	8.3752	3.5626	4.0767	7.9159	19.1864	0.2875	168.5841
GDAP1L1	8.7649	6.2033	22.6932	60.1781	0.3430	0.7923	0.0000
GDF15	279.4875	30.8348	0.1375	11.0253	4.0913	4.5497	0.0000
GDF3	6.8242	1.0282	0.0000	0.0000	0.6770	0.0000	0.0000
GDPD2	13.9192	36.6570	11.7541	3.9172	0.6085	0.0167	0.0366
GFAP	1032.0935	1473.0916	331.7506	89.6823	29.0162	27.7438	4.2700
GFPT2	111.5366	15.8326	73.7238	38.1141	0.2149	11.5070	12.5006
GFRA1	0.7694	0.8565	10.9719	6.8770	0.0105	0.4347	0.0151
GGT5	8.7669	0.5281	0.0557	0.0445	0.9240	0.0310	0.0000
GIMAP1-GIMAP5	0.0144	0.0000	0.3673	0.0060	3.8255	0.0000	24.8762
GIMAP4	0.1759	0.0946	0.5013	0.3604	182.0539	0.0000	377.5806
GIMAP5	0.7918	0.0145	0.7918	0.5546	49.4802	0.0660	207.2370
GIMAP6	0.1035	0.0000	0.0000	0.0181	43.1491	0.0000	124.6743
GIMAP7	0.0384	0.0873	0.0000	0.0420	27.3719	0.0000	396.8446
GJA1	58.1492	92.8449	2.8314	3.4317	1.7792	1.4280	0.0000
GJA4	5.3146	0.2238	0.0000	0.9024	0.7962	0.0000	0.0728
GJB1	0.6150	1.8694	6.5290	0.8223	0.0279	710.8049	0.6326
GJB2	24.6063	4.9564	0.0000	1.0081	0.4065	0.5430	0.0000
GLB1L2	3.8286	3.2953	15.2222	3.8186	0.1410	0.6742	0.0000
GLCCI1	17.1560	27.6120	71.5274	178.4505	5.0670	5.3084	12.6107
GLRA3	1.0938	0.0805	32.3026	2.5514	0.0028	0.0000	0.0000
GMFG	0.6661	0.2125	0.1645	0.1440	130.0203	0.0000	327.4254
GMPR	16.8963	29.1180	4.9831	8.2536	1.5742	6.5335	4.1941
GNG12	79.7199	113.8692	72.3964	13.7682	2.9302	17.8401	0.0000
GNG3	10.4086	6.7547	29.7874	95.4105	0.0550	0.1644	2.3464
GNG7	16.1222	90.9666	24.5985	10.0533	18.1159	161.1387	0.2938
GNLY	3.3142	0.0733	0.0000	0.0753	25.2690	0.0000	911.7443
GPC2	1.4040	4.4508	14.4810	46.3052	0.3112	0.6945	0.2037
GPC3	3.7373	1.2903	9.5669	0.6565	0.0000	0.0000	0.0000
GPIHBP1	0.0057	0.0000	0.0178	0.0000	0.0025	14.1430	0.0000
GPNMB	31.9559	5.1022	7.0942	0.3175	785.7209	0.0167	8.7564
GPR17	0.5285	0.5053	657.1048	5.0274	0.0486	8.4856	0.0000
GPR171	3.9364	7.2026	2.6840	2.7552	0.6693	0.0050	223.4499
GPR174	0.1733	0.0000	4.1360	0.0636	0.1202	0.0000	75.2414
GPR183	3.4007	2.6145	3.9958	3.4131	2421.4967	3.6688	552.7390
GPR34	6.6379	5.0111	13.3922	17.4615	1142.6513	0.4360	46.7150
GPR37	26.9274	18.3181	7.4399	3.3493	0.2552	264.7216	0.0894
GPR37L1	40.6266	304.2255	170.3734	51.9769	3.2094	103.1059	3.3074
GPR62	0.0614	0.1043	0.5177	0.1999	0.0050	52.7484	0.0000
GPR84	0.4964	0.3377	0.0000	0.6106	100.6232	0.0000	0.0000
GPR85	1.1962	0.7183	13.8599	10.4446	0.6229	0.0322	0.0936
GPR87	5.2360	11.7503	6.1795	2.1406	0.0340	0.0000	0.0000
GPRC5A	22.1188	0.4645	0.0505	0.2996	4.0350	14.1826	0.0000
GRAMD1C	5.4161	15.1806	9.4623	1.8576	0.0063	0.6908	0.0347
GRAP	0.1705	0.1965	0.2478	1.4825	8.9146	0.3252	55.3244
GRAP2	0.0000	0.0000	0.0000	0.0000	0.2313	0.0000	85.0435
GREM1	0.6356	0.0018	18.1050	2.4109	0.1725	106.6614	0.0000
GRIA1	6.4633	22.9644	10.8307	7.3120	0.0061	0.0000	0.0000
GRIA2	33.7392	62.4457	292.8726	172.9805	0.0969	26.2315	0.0592
GRID2	1.8908	4.3131	67.1506	10.8293	1.4853	0.6180	0.0000
GRIK1	14.7902	37.0130	11.8946	9.6603	0.4376	0.0146	0.3006
GRIN2B	0.4004	0.7468	0.8066	7.7788	0.0571	0.0000	0.0000
GRM2	0.5947	0.2008	0.9261	7.8093	0.0206	0.1878	0.3929
GRM3	2.2830	0.4392	0.9640	2.0381	0.2217	217.9180	0.0000
GRM5-AS1	0.8391	0.2789	5.4610	2.6453	0.0000	0.0047	0.0000
GSE1	15.2920	4.1070	12.0339	51.4194	4.6480	0.0406	10.6799
GSG1L	5.1200	17.1798	10.4276	7.2771	0.1035	0.0078	0.0123
GSN	111.4176	58.6486	80.8918	18.1860	865.4549	2753.6733	14.2884
GVINP1	0.4019	0.2647	0.3555	0.5100	1.7079	0.1631	40.6941
GZMA	0.0188	0.0000	0.0000	0.0000	0.0000	0.0000	1025.5174
GZMB	1.3260	0.0000	0.2215	0.0225	1.1096	0.0000	348.1963
GZMH	0.0000	0.0089	0.0000	0.0000	0.1296	0.0894	492.6189
GZMK	0.0000	0.0000	0.0000	0.0000	1.5057	0.0545	785.9982
GZMM	1.4373	0.1186	0.0637	0.1194	0.0894	0.2711	69.4495
H19	21.5601	0.6190	35.4711	4.9239	0.0285	0.0000	0.0000
HABP2	0.3827	2.5047	0.0000	0.0033	0.0000	0.0000	0.0000
HAMP	0.0000	0.1830	0.0000	0.3342	105.7922	0.0000	0.2384
HAP1	29.2574	8.5851	4.0366	2.9489	0.0452	3.1162	0.0000
HAPLN2	0.1673	1.8317	1.8543	1.1862	0.0051	98.2180	0.2946
HAVCR2	5.9331	4.2567	5.5596	8.5812	551.0957	15.3600	78.7232
HCK	0.1847	0.0016	0.0000	0.0000	196.8309	0.0000	0.1303
HCLS1	2.0385	0.1441	0.0104	0.5979	657.8140	0.0435	413.6010
HCST	0.9276	0.6823	0.0000	0.1350	102.4010	0.0000	260.3914
HDAC11	7.3318	8.4061	13.0261	8.0165	4.3094	145.8140	3.0549
HECW1	2.9290	1.9643	7.2895	19.0193	0.0019	0.0091	0.0000
HENMT1	0.0123	0.0099	0.0476	0.0154	22.9185	14.6183	115.5386
HEPACAM	26.3216	67.5532	16.0793	9.8382	0.2011	83.5070	0.0751
HEPN1	349.0581	983.9903	198.0669	135.7859	1.3222	1112.3652	2.2668
HERC6	11.0797	26.8925	7.4967	2.3352	6.5226	16.5635	32.3780
HES6	15.5906	46.5142	71.3030	188.4775	1.4274	11.2334	2.5777
HHATL	1.5664	1.9864	2.4628	0.3661	0.2485	573.5158	0.6960
HILPDA	1105.9805	54.0984	59.0771	93.0805	31.6041	47.3909	7.1157
HK3	0.1496	0.2165	0.0532	0.3259	50.5421	0.0000	0.0000
HLA-DMA	22.5714	5.1595	4.9202	3.4661	1038.8660	3.7345	68.8781
HLA-DMB	8.0452	2.3195	2.0119	2.3600	1245.5022	2.0690	99.8625
HLA-DPA1	31.9293	10.5360	2.9229	2.3440	4214.5798	2.1098	341.5682
HLA-DPB1	6.9449	1.4003	2.7780	2.6876	541.5961	0.0203	103.0826
HLA-DQA1	2.4974	0.2354	0.0000	0.0368	406.5684	0.0000	5.7084
HLA-DQA2	0.3212	0.0159	0.0000	0.0689	139.7355	0.0000	12.5349
HLA-DQB1	6.3676	1.2403	0.0567	0.8859	553.6649	1.0164	19.3056
HLA-DRA	224.2844	45.5082	2.1714	3.9561	12174.3883	3.0725	392.0654
HLA-DRB1	39.3207	6.1127	0.2409	0.7210	2604.5977	0.4916	180.1426
HLA-DRB5	10.4512	1.3330	0.0066	0.1734	1232.0547	0.0000	56.0961
HLA-DRB6	1.6781	0.1960	0.0000	0.1297	228.7492	0.0000	20.8675
HMGA1P7	0.0000	0.1977	17.5114	1.3152	0.3693	6.1627	0.0000
HMOX1	31.1171	3.3536	1.6558	2.1199	530.5102	8.3211	0.0000
HMSD	0.2911	0.6208	4.4512	0.7768	0.4788	39.1274	0.0000
HOPX	228.1070	1485.4395	41.3517	29.0492	13.8545	0.8344	286.7194
HOTAIR	6.6897	7.7548	6.9290	34.0717	0.0345	0.0000	0.0000
HOXA10	7.6176	9.5440	15.7090	48.5265	0.1950	0.0000	0.0000
HOXA2	2.9920	4.7548	6.8453	38.1057	0.0908	0.0000	0.0000
HOXA9	3.1486	5.8229	17.7776	77.7853	0.1269	0.0376	0.0000
HOXB5	0.6503	0.4807	0.0000	13.2757	0.0218	0.0000	0.0000
HOXC9	6.9359	3.9339	9.0476	39.9567	0.0000	0.0404	0.0000
HOXD1	0.4073	0.5108	4.7055	1.9634	0.0021	30.9673	0.7895
HP	12.2383	0.5062	0.0222	0.5490	0.3566	0.0000	0.2618
HPGDS	0.2071	0.0178	0.6734	0.0805	62.2664	0.0000	0.0000
HPN	0.1505	0.8184	0.7189	1.0126	0.4787	35.3581	0.0000
HRH1	49.4507	26.8941	0.4782	3.6709	1.4552	0.3395	0.1927
HS3ST5	0.0566	0.1426	2.5442	2.7487	0.0190	29.6095	0.0000
HSD17B6	6.7455	36.2056	6.8684	3.5684	0.6585	7.3932	0.0000
HSPA12A	4.0204	3.6438	23.8289	8.8360	0.1467	25.3340	0.0078
HSPA2	46.6740	27.5541	55.5677	30.4524	12.5987	1027.1781	4.2065
HSPB3	3.3145	0.2833	7.5448	1.5498	0.0000	1.0887	0.0000
HSPB8	64.9923	24.3631	2.4626	6.7222	6.3700	0.9044	0.0301
IBSP	0.2246	0.0224	0.2559	0.0000	404.8264	0.1841	0.0000
ICAM3	5.4258	5.3577	1.9985	1.6927	15.2357	0.8282	170.5366
ICOS	0.0000	0.1679	0.0000	0.0253	0.1547	0.0821	237.2865
IER3	13.2162	5.1506	6.3337	4.4017	792.5023	5.8775	1.3822
IFI27	11.7653	36.1123	1.3942	5.1052	21.8395	1.2463	4.1429
IFI30	24.1884	9.5973	2.3773	3.5159	2523.5798	14.9902	12.5484
IFI44L	29.6819	88.6159	4.8546	3.7551	39.9044	1.1415	20.3970
IFI6	366.6783	953.5424	468.7610	122.5408	122.7060	504.1530	116.3519
IFITM1	94.2256	57.2331	2.8780	0.9889	29.9115	0.0621	1300.3394
IFNG	0.0614	0.0058	0.0000	0.0978	0.4221	0.1462	159.2370
IGF2	5.4124	0.6315	25.1762	2.1317	0.0934	0.0069	0.0000
IGFBP1	7.3881	0.4026	1.4907	0.0060	0.0000	0.0000	0.0000
IGFBP3	1610.1190	261.1661	27.5517	19.4639	2.2943	0.1191	15.0018
IGFBP5	346.6244	80.4728	38.5193	37.3174	0.9023	0.3120	3.3464
IGFBPL1	2.4931	4.1973	32.3370	200.8222	0.8820	1.5079	0.6174
IGSF10	4.8686	12.1098	5.1260	2.1266	3.5549	0.0892	0.0972
IGSF6	0.6159	0.5663	0.3429	1.0305	267.9692	1.2129	17.8338
IGSF9B	4.3742	3.3056	17.9657	9.6246	0.0050	0.0025	2.1935
IKZF1	0.0656	0.0056	0.0000	0.0323	14.8096	0.0000	110.4548
IL18	1.8294	1.8601	1.2745	1.9943	300.0506	1.5805	5.2199
IL18R1	0.1034	0.0634	0.0724	0.1796	5.7960	0.0000	81.8110
IL18RAP	0.0000	0.0000	0.0000	0.0120	0.6945	0.0000	45.1400
IL1B	39.7545	0.0026	0.0450	0.0555	1990.7832	0.0000	0.3235
IL1R1	10.9019	0.4847	0.2918	0.4469	4.4118	0.1980	4.8395
IL1R2	0.1642	0.0182	0.0000	0.0307	132.6446	0.0000	0.0260
IL1RN	0.2524	0.0386	0.0000	0.0396	130.8919	0.0000	0.8451
IL2	0.1790	0.0293	0.0443	0.0380	0.7288	0.3627	30.0576
IL2RB	0.2063	0.0449	0.0059	0.0047	0.1203	0.0000	119.6545
IL2RG	0.3896	0.0187	0.1110	0.1258	22.1590	0.0345	759.0103
IL32	20.6010	1.3122	0.0000	0.0782	2.1000	0.0190	1045.4775
IL6	29.6355	0.7830	0.4419	0.1322	14.0227	0.0000	3.2271
IL7R	0.0138	0.0188	0.0000	0.2738	25.2630	0.0000	567.5206
IL9R	0.7319	0.1411	0.2542	0.2048	0.5092	0.0167	37.4636
ILDR2	10.1623	31.6467	16.5394	15.1888	0.0583	2.2518	0.4927
INA	3.4764	0.7488	22.9762	73.1029	0.0625	0.0039	0.0000
INPP4B	3.6273	5.3505	1.5310	1.6402	3.2137	0.5579	124.7998
INSIG2	173.4468	42.9745	47.5063	51.7062	41.4647	51.3398	23.9769
INSM1	1.8724	1.3933	5.6524	48.8619	0.0018	1.1136	0.0000
IP6K3	2.8902	2.6126	1.0376	0.8081	0.0036	100.0503	0.0000
IPCEF1	0.8548	0.9214	0.4802	1.0784	14.7441	0.2594	77.3994
IQUB	2.3047	7.3001	0.2585	1.2326	0.2948	0.2148	0.0000
IRF4	0.1874	0.0353	0.2122	0.2088	1.3235	0.0591	40.5590
IRF8	0.3818	0.0108	0.7297	0.4724	403.6265	0.0000	6.5162
ISG20	32.3701	9.8571	0.9219	2.1458	27.1942	81.2306	331.4690
ITGA1	2.9939	0.8513	0.0320	0.2617	0.6716	0.0109	138.0059
ITGA3	18.8588	7.6705	1.1713	1.6416	0.0402	0.0000	1.2682
ITGA4	0.7663	1.2591	5.8501	2.7244	29.5949	0.0000	108.5069
ITGA7	45.5646	116.9886	8.5204	12.9568	0.8722	3.5189	0.0000
ITGAL	0.5946	0.6235	0.8886	1.1860	20.8031	0.4580	124.1351
ITGAM	0.1191	0.0285	0.0000	0.3222	97.4644	0.0000	6.2101
ITGAX	2.0682	0.3216	0.4491	0.7481	135.4424	0.2456	4.5776
ITGB2	0.7003	0.0241	0.0000	0.3200	658.6668	0.0000	321.8354
ITGB7	0.6720	0.5143	0.1279	0.6475	1.8803	1.6504	54.8266
ITK	7.9812	0.5480	0.0000	0.0112	1.3916	0.0000	171.6819
ITM2A	13.8735	2.9024	474.5610	59.0812	1.2882	158.9102	611.7602
JAKMIP3	0.3262	0.4207	1.3562	0.8234	0.1763	20.9702	0.0000
KCNA3	0.7723	1.8037	1.1535	4.2107	0.0070	0.0000	48.5632
KCND2	4.0136	15.4546	42.9073	19.7673	0.0152	0.0134	0.0000
KCNF1	9.4948	23.0704	1.6398	1.9339	0.3168	0.0147	0.0000
KCNH7	4.8861	6.6316	19.2886	91.8207	0.1595	0.0147	0.0000
KCNIP1	23.0816	96.2242	50.7140	20.8181	2.7340	0.0000	0.0000
KCNIP2	3.1661	4.1660	19.9324	11.3740	1.3410	0.0424	1.6495
KCNIP3	0.9900	2.5727	30.9846	5.1336	0.0317	2.9648	0.0000
KCNJ16	2.0378	25.4413	7.6346	3.1493	0.0130	0.1729	0.0000
KCNK1	1.7951	0.3602	11.3624	0.6966	0.0474	195.9929	1.1191
KCNK2	0.3292	2.2047	13.2172	6.5247	0.0360	0.0000	0.0000
KCNS3	0.6509	0.0011	33.7603	3.5970	0.0993	21.2663	0.0000
KCTD4	0.4309	0.7533	7.2215	0.1854	0.5391	48.7547	0.0000
KIAA0408	6.7163	5.8864	12.0183	42.4479	0.3812	6.0196	0.7438
KIF13A	6.5922	5.9303	33.3986	7.7554	2.2907	17.3847	0.1324
KIF5A	17.8652	18.4521	36.9414	260.5271	0.0929	9.5798	0.0000
KIF6	0.0517	0.2634	0.0513	0.0035	0.0075	16.6713	0.0429
KIT	1.8578	1.7676	13.1185	6.1753	0.0088	3.0033	0.0000
KLHL23	11.7733	18.1810	56.8452	103.9751	0.2839	1.2886	0.0530
KLHL32	2.9109	3.6181	22.5027	5.8425	0.1907	278.9752	0.9242
KLHL35	0.1302	0.1725	1.0600	31.5799	1.0065	1.2504	0.0000
KLHL4	58.2876	148.1897	42.8620	35.5548	0.0158	79.7648	0.0000
KLK6	0.8968	0.0216	16.3904	0.8557	0.6014	1871.5479	3.7080
KLRB1	1.1552	0.1654	0.5575	0.2267	0.0582	0.0000	798.8716
KLRC1	0.2948	0.1240	0.7012	0.8659	0.4092	0.5313	259.6985
KLRC2	4.8895	14.6774	200.6504	161.7872	0.3042	61.5836	27.0164
KLRC4	0.5597	3.5374	32.6830	16.0910	0.0502	1.1987	96.5866
KLRC4-KLRK1	0.0193	0.4975	3.6630	1.0420	0.4240	0.0000	69.8196
KLRF1	0.0448	0.0636	4.0431	0.6129	1.9731	0.0000	0.8671
KLRK1	0.8577	4.6754	16.8468	12.0099	2.4720	2.3662	463.7047
KRT75	4.1495	0.0246	0.0000	0.0024	0.0036	0.0000	0.0680
KRT86	0.7675	0.0161	0.2340	0.1762	0.0000	0.0049	19.9511
KY	0.2719	0.1867	5.8560	1.3844	0.0598	0.0000	0.0000
KYNU	0.3286	0.0093	0.0000	0.0877	128.2583	0.0000	0.0534
LACC1	5.0260	1.1197	3.0543	1.5090	25.3840	90.5245	1.0881
LAMB3	1.5431	6.7918	1.1489	1.1653	0.9526	0.2717	4.2820
LAPTM5	5.2866	0.4714	2.3334	0.8849	3527.7719	3.4395	1631.8243
LARP6	24.5677	13.1201	13.1925	15.3226	0.4651	329.1551	0.7571
LAT	1.9135	1.8105	3.8777	3.2444	1.6667	3.3399	257.1980
LAT2	2.5161	2.2884	4.2438	4.4096	342.4443	0.2342	9.3169
LAX1	0.6955	0.6793	1.5519	1.0592	0.9077	1.0978	41.7737
LAYN	6.4461	3.2922	3.3810	6.1691	0.1837	93.1333	6.5926
LCK	0.0643	0.0128	0.0206	0.1693	1.3587	0.0000	651.6671
LCP1	1.9987	0.2013	2.6048	0.4601	258.5398	6.6982	1017.7953
LDB3	1.1350	1.2051	2.1217	1.9861	0.3341	101.4045	0.5968
LDLRAP1	2.4778	3.1116	1.8179	0.2982	7.7225	100.7749	29.3490
LEMD1	2.2994	2.2342	0.0000	20.9507	0.0000	0.0000	0.0000
LFNG	6.3362	29.1703	1.2617	4.0647	2.6117	0.8545	4.5920
LGALS3	2141.3117	471.8607	14.6654	101.1580	234.6908	58.8895	294.3278
LGALS9	1.9665	1.7817	1.5431	0.8500	198.4529	0.7042	23.3729
LGI1	4.9090	15.6836	1.1516	6.4943	0.0256	0.0000	0.0000
LGI3	0.0790	0.3800	6.0723	0.6144	0.0000	66.5091	0.0688
LGR6	1.2807	13.5537	0.0655	0.0877	0.0082	0.0000	2.4908
LHFPL3	37.0902	144.6745	679.5618	255.4983	0.3759	11.1544	0.0000
LHFPL3-AS1	2.2325	12.5065	50.6884	31.6012	0.0629	0.2585	0.0000
LHPP	5.3138	10.6207	8.5655	2.6440	6.9853	188.9858	8.5274
LHX1	0.3956	0.0855	0.8392	8.2038	0.0000	0.0000	0.0000
LIF	8.1347	1.2525	0.0000	1.7565	2.1360	0.0307	0.8144
LILRA2	0.0990	0.0016	0.0000	0.0044	103.8817	0.0000	0.2491
LILRB1	0.5489	0.3759	0.7680	0.6398	91.2917	0.2865	6.6210
LILRB2	0.0674	0.0421	0.0886	0.0452	39.1704	0.0233	0.0401
LILRB4	0.0744	0.0076	0.0037	0.2013	402.6568	0.0000	7.8793
LIME1	12.1577	15.1690	8.4583	20.2045	1.5067	3.8220	253.6533
LIMS2	0.9730	0.1574	23.9980	1.9181	0.0534	1.8687	0.3405
LINC00320	2.4056	4.2975	15.9288	2.1329	0.0616	261.1734	0.0000
LINC00323	0.2489	0.0155	0.9639	0.0060	0.0244	28.2597	0.0000
LINC00426	0.1051	0.1501	0.0000	0.0000	0.0000	0.0000	39.8614
LINC00689	15.7446	5.3447	286.1575	172.2345	0.1359	0.1089	0.1358
LINC00707	3.1647	0.0329	0.0687	14.1889	0.1906	1.4279	12.6860
LIPG	9.2963	2.6589	0.3472	0.3823	4.3854	0.0000	0.0000
LIX1	7.7411	16.1350	6.6067	1.5965	0.0592	1.7478	0.1186
LMO2	16.7156	34.6361	0.2266	4.0880	13.7779	0.0000	0.1170
LNX1	10.1826	22.7518	45.2440	98.7073	0.9260	0.7224	1.5102
LOX	138.6681	4.0198	2.2429	3.1497	1.4162	0.2507	0.0000
LOXL2	50.9601	8.8923	3.8603	4.0999	1.1437	1.2940	0.7791
LPAR1	14.6201	28.5464	17.9596	1.8880	13.1963	361.9124	0.1661
LPAR4	0.3425	1.2101	13.9796	3.8213	0.0231	0.0000	0.0000
LPAR5	0.1090	0.1000	0.1131	0.3450	117.4581	0.0000	14.1765
LRP2	0.9880	0.1243	0.1629	0.4636	0.0237	51.0733	0.0267
LRRC3B	1.1444	6.7333	7.9837	0.9778	0.0000	0.0000	0.0000
LRRC4C	13.9719	25.3466	79.7473	26.5887	0.0121	17.7246	0.0000
LRTM1	0.1693	0.0885	0.0000	5.4918	0.0000	0.0000	0.0000
LSAMP	27.6681	49.3874	172.5000	54.1073	0.1481	24.5505	0.1764
LSP1	1.2209	1.5913	0.0000	1.0757	180.2029	0.5494	468.7545
LST1	1.4253	1.2159	2.3860	1.1035	143.6418	0.0000	6.8276
LTB	0.4104	0.0780	0.0396	0.3036	2.9010	0.0000	184.4763
LTC4S	0.7920	0.3872	0.7481	0.2751	121.8329	0.2998	6.5135
LTF	177.5514	0.1070	0.0000	0.0960	0.4458	0.0000	0.0000
LUM	0.6772	5.7123	0.3389	1.2980	1.9350	0.0000	0.0625
LUZP2	3.7387	21.9351	66.7611	14.7801	0.4702	6.9177	0.4647
LY86	0.3328	0.0000	0.0000	0.0218	450.9746	0.0339	26.5508
LY9	0.1189	0.0000	0.0000	0.3664	3.1618	0.0000	54.0531
LYPD1	27.2150	88.4445	25.3438	10.2906	0.5570	1.4565	0.0000
LYPD6B	0.0000	0.5465	0.0000	6.1300	0.0000	0.0000	0.0000
LYVE1	0.0055	0.0055	0.0059	0.1797	105.7030	0.1878	0.0000
LYZ	21.8928	18.2411	21.2679	38.1929	1278.7801	19.5735	30.8580
MAEL	6.8606	13.6553	4.8824	0.7567	0.0000	1.5503	0.0000
MAG	1.6870	0.1933	48.5568	0.3383	0.7769	2811.0299	1.4952
MAL	3.2493	2.4173	6.3146	2.3706	0.0597	784.1191	43.9681
MAP3K8	3.6280	1.3676	0.7551	0.7278	330.7967	0.0000	50.3434
MAP4K1	0.7335	0.7012	1.6608	1.2456	10.0922	0.0983	67.1259
MAP6D1	3.3764	6.4785	8.4401	4.8265	0.1830	101.7464	0.4850
MAP7	4.0788	2.6223	0.4127	1.0659	1.7412	125.6637	0.9091
MAPK10	20.5192	31.1302	46.1027	130.4174	1.0071	17.8760	0.0000
MARCO	3.4136	0.3506	0.0000	0.0122	75.0330	0.0000	0.0000
MAST1	5.9000	6.6659	20.7174	37.7008	0.3859	0.0000	0.0000
MATK	0.5565	0.2791	0.0315	0.4665	0.8938	0.0000	23.7826
MATN2	31.0224	110.4389	89.8593	11.2943	0.6337	43.5043	0.0695
MATN4	11.0422	0.7315	5.3632	3.5192	0.0000	0.0000	0.0000
MBP	19.4155	33.5257	289.0651	53.6629	55.3865	7836.8987	51.6098
MCHR1	16.9369	4.1000	2.8163	3.5859	0.2841	0.0138	1.7817
MCOLN2	1.2095	1.1304	4.2567	0.4879	5.8787	0.1879	48.8362
MDGA2	0.4855	0.7686	28.6312	7.0260	0.0000	1.3953	0.0000
MED12L	9.9293	24.4712	8.5858	5.2540	1.1117	0.6634	0.5230
MEGF10	3.0034	2.6349	12.2604	1.8245	0.0974	56.8598	0.0000
MEGF11	4.7000	11.4091	54.0403	15.8844	0.4457	0.5873	1.0006
MEIS2	15.0302	14.6181	14.5034	107.6813	0.0090	21.1942	0.0000
MEOX2	58.1494	157.2640	34.5526	37.6435	0.1287	0.0070	0.0000
MET	9.6362	0.4563	2.2691	2.3125	0.9843	11.0902	0.2024
METTL7B	162.1434	569.1381	4.8661	5.6642	9.8719	2.9504	0.0000
MEX3A	4.6634	4.6999	12.8901	35.8127	0.0237	0.1941	0.0292
MEX3B	0.4147	1.0815	7.9305	21.7247	1.3373	3.4045	0.0000
MFAP2	4.2820	0.5926	6.2064	16.6784	0.0081	0.0000	0.0000
MGP	156.8635	7.9769	0.0050	39.9490	0.1031	0.0430	0.2756
MGST1	185.6393	24.0668	4.5198	10.1664	9.1557	0.6264	0.0000
MIAT	19.0607	6.2096	27.2902	181.6048	0.2383	0.0897	28.2586
MIR199A2	1.9242	0.2810	8.7103	2.9134	0.0000	4.6332	0.0000
MIR210HG	22.3200	2.2775	3.5867	3.7761	3.5929	1.7324	0.7974
MIR3650	0.0861	6.6309	2.5547	0.6708	0.0000	0.0000	0.0000
MIR3689A	0.0000	0.0000	4.9421	0.0000	0.0000	0.0000	0.0000
MIR4441	0.9238	0.0000	2.6525	15.6457	1.5161	0.0000	31.5875
MIR7-3HG	8.7058	2.1337	0.9544	33.5486	0.0000	0.0000	0.0000
MIRLET7A2	4.1577	0.1020	0.0000	0.5462	0.0000	0.0000	0.0000
MLC1	99.2212	295.8265	19.6974	35.8854	3.8488	0.6362	0.0503
MLLT11	148.3793	147.3909	413.5532	997.1240	6.8065	34.0342	20.7284
MMP17	3.4002	0.7605	13.3034	3.0354	0.0210	0.3063	0.0000
MMP7	34.6058	0.0000	0.0000	0.1091	2.1191	0.0000	0.0000
MNDA	0.0436	0.1195	0.0000	0.3657	151.9703	0.0000	0.7311
MOBP	0.3492	0.6160	3.6354	1.0694	0.0135	422.5169	0.7231
MOG	7.7633	6.6030	94.6381	13.6269	5.9614	2265.5692	7.3247
MPEG1	0.0750	0.1068	0.1827	0.3154	44.7035	0.0688	0.4527
MPZ	0.4052	0.0839	4.6737	0.8181	0.6348	0.7206	0.8057
MRC1	0.0422	0.0011	0.0164	0.0669	58.0049	0.0000	3.6804
MS4A14	0.0602	0.0265	0.0000	0.0000	47.0415	0.0000	0.0000
MS4A4A	0.1603	0.0040	0.2209	0.2172	621.4341	0.0000	9.6268
MS4A6A	0.8854	0.6221	0.0115	0.0174	1154.7857	2.4865	37.1404
MS4A7	0.9825	0.5097	0.8208	1.4860	643.5780	0.4144	1.8926
MSL3P1	0.5316	0.5280	5.6905	0.9252	0.4689	0.6967	4.2649
MSR1	0.2348	0.0243	0.0000	0.0344	444.7724	0.0000	4.4198
MT1E	259.7405	141.8956	42.5810	10.5318	48.3493	6.9885	43.4895
MT1X	2324.6412	240.9850	75.8033	34.7827	196.1145	20.8913	108.0264
MT2A	6508.3359	2297.3633	239.7752	103.4640	691.1666	369.5883	595.2521
MT3	611.2372	967.1412	149.8554	41.7491	12.3459	194.5548	3.0915
MTMR9LP	7.3423	6.0041	29.6790	5.5500	2.6222	4.9114	0.0000
MYBPH	19.8692	0.2695	0.1463	0.0251	0.6290	0.0140	0.0000
MYLK	8.6980	2.5028	7.2410	6.3399	0.3533	343.1812	0.7404
MYO1D	0.7463	0.1662	0.3347	0.5172	1.0219	28.2813	0.0983
MYO1F	0.4450	0.2815	0.0976	0.3202	131.6484	0.8317	60.2209
MYO1G	0.1265	0.5571	0.5036	0.1091	27.9917	0.0000	88.1465
MYO5C	3.5900	13.2256	2.1364	5.3906	0.3521	0.8240	2.7825
MYO7B	0.2970	1.0241	12.3613	0.6538	0.0166	0.0000	0.0000
MYOT	2.7403	2.7499	30.3036	4.3203	0.3578	40.1055	0.0000
MYRF	1.1607	1.3675	42.4342	1.8215	0.3079	356.5591	0.9769
MYT1	1.5042	6.9417	51.7456	64.7580	0.1002	0.0150	0.0113
MYT1L	0.0210	0.1803	3.0852	58.1334	0.0440	0.0247	0.0000
MZB1	0.9758	0.6575	0.3535	0.1039	0.2070	0.0000	42.8805
NAMPT	925.8159	80.6193	56.2722	57.0353	791.7931	48.0004	89.0587
NAPSB	0.4700	0.0148	0.2681	0.3676	590.4549	0.0778	0.4241
NCF1	0.8681	0.0588	0.1716	0.1715	107.1546	0.0000	20.0666
NCF2	1.3943	0.7677	1.5556	1.0001	133.2704	0.7043	15.9018
NCF4	0.0051	0.0000	0.0000	0.0047	101.5000	0.0000	82.3890
NCKAP1L	0.2286	0.0709	0.6617	0.1926	134.4298	0.0109	106.1135
NDRG1	223.0568	9.3981	3.2964	9.1595	31.8949	212.7749	23.3035
NDRG2	155.3038	613.5600	234.6574	161.4935	121.7505	590.4165	1.7620
NDST4	0.0580	0.0104	1.9589	14.7616	0.0000	0.0000	0.0000
NDUFA4L2	56.4607	3.0192	1.0988	17.1778	0.8733	0.4964	0.0000
NECAB1	11.2143	15.4637	8.3944	6.4215	0.2958	253.7522	14.5414
NEDD4L	8.8550	4.5194	2.0898	45.2776	3.7695	9.6378	0.1849
NES	21.6810	60.1858	28.6798	16.7094	0.0946	2.3428	0.0915
NETO1	1.7091	1.0420	8.9691	21.9361	0.0576	0.1717	0.0000
NEU4	3.5126	38.2860	215.9781	58.4599	3.9595	0.0402	0.0270
NEUROD4	1.8696	0.1698	0.4177	13.3888	0.0038	0.0000	0.0000
NEUROD6	0.0000	0.0072	0.1096	5.4996	0.0087	0.0000	0.0000
NFASC	52.0907	16.3354	315.2013	52.2592	0.1375	248.3442	0.2416
NHLH1	1.5371	0.6261	0.7878	35.3595	0.0000	0.5206	0.0000
NHLH2	0.2776	0.0253	0.3193	9.4945	0.0457	2.8709	0.0000
NID2	0.6336	0.5215	34.5631	1.4292	0.2061	2.7439	0.0142
NINJ2	0.0644	1.3935	12.0722	0.6881	21.4006	454.4703	26.9220
NIPAL3	10.3300	17.5559	14.0927	7.3897	11.4589	237.5676	21.9031
NIPAL4	1.5454	0.9539	0.5699	0.5003	1.2727	50.1949	2.0117
NKAIN1	0.7426	0.3748	6.6959	14.0682	0.0000	6.6557	0.0000
NKAIN2	0.2562	0.0806	3.3852	0.1924	0.0272	134.6599	0.0000
NKAIN4	5.0803	75.3038	310.4603	119.1403	0.1047	0.0365	0.0000
NKG7	0.8563	0.0577	0.0000	0.0046	11.2707	0.0000	675.8325
NKX2-2	6.3452	6.3375	37.5529	20.1505	0.0332	17.0786	0.0000
NKX6-2	0.0178	0.0000	0.2313	0.0000	0.0000	19.3744	0.0000
NLGN3	47.7352	210.4443	174.1698	66.6519	1.3641	133.2557	6.0792
NLRP3	0.9387	1.0111	0.9481	0.9633	133.1021	0.4121	17.3972
NMB	52.5909	94.5664	6.2874	4.2159	14.7432	1.8107	4.7390
NMNAT2	3.1658	0.6978	7.8672	16.2767	0.0760	0.0370	0.0099
NNAT	16.8258	20.6230	240.5827	1142.2682	1.6825	3.1238	0.0773
NNMT	208.9985	30.6798	9.9322	14.0295	4.4555	0.5959	0.0000
NOG	6.2866	0.6874	1.9215	1.1216	0.0000	0.0000	0.1020
NOL3	108.7605	21.0215	21.9815	33.0393	4.4148	18.3170	0.0000
NOS1	0.4066	0.4004	5.2251	1.8441	0.2798	2.3759	0.3764
NOS2	17.4416	63.9035	1.0790	4.5225	0.1861	0.1092	0.0000
NPAS2	8.2744	2.4745	0.8863	0.6398	0.0941	0.0040	0.0000
NPAS3	9.9356	24.6701	8.1651	5.8048	0.1584	9.3759	0.0000
NPAS4	0.7670	0.1212	0.0206	12.0240	0.0000	0.0000	0.0000
NPNT	40.7320	48.1132	0.9593	3.8875	0.0280	0.0106	0.0000
NPPA	10.7876	35.1862	51.3445	132.7751	2.4779	0.1644	0.0000
NPPC	7.1752	0.8009	0.0913	1.4319	0.0000	2.4479	0.0000
NPTX1	9.1988	0.7958	0.3341	3.1289	0.0288	0.0388	0.0000
NPY	1.6449	1.2427	11.5434	67.7350	0.0000	0.0000	0.0000
NPY1R	15.3558	1.6423	1.6760	3.6035	7.2816	0.0000	0.0000
NPY2R	1.7051	6.9340	0.0000	0.9581	0.0113	0.0000	0.0000
NPY5R	14.9284	0.5580	3.0519	2.6768	0.0000	0.0000	0.0000
NR0B1	1.1427	0.0910	9.2089	5.0335	0.1598	0.9947	0.0000
NR4A2	4.5656	2.0021	8.9278	14.0646	561.2545	7.1716	219.1693
NR4A3	3.2491	2.0540	3.3733	1.7898	161.4342	0.1069	8.6781
NREP	100.4241	158.3341	93.6545	583.0404	4.1531	0.8490	2.7310
NRG1	4.8292	4.9172	0.6360	30.6410	1.1558	0.0176	0.0000
NRN1	346.5288	44.1593	46.7680	46.3613	2.3724	0.0750	0.1024
NRSN1	1.4940	8.9533	18.8979	51.4075	0.3610	0.2368	0.3950
NSG1	9.3035	8.5735	25.3588	145.2365	0.2006	0.0000	2.1225
NT5DC1	5.2714	1.6597	12.5866	5.7875	14.3488	141.2757	50.3509
NT5E	43.4519	98.9489	121.2005	15.7234	2.8991	2.2075	0.0000
NTN4	1.4493	1.8656	10.5930	17.0006	0.0034	0.0000	0.0000
NUP107	71.7763	92.1594	131.7762	637.9335	20.3845	24.8890	76.2945
OAS3	17.3749	39.0407	13.5506	7.6305	13.4909	3.9870	31.4299
OASL	2.7839	7.4573	2.1640	0.0597	12.6156	1.1846	104.0544
OLFM3	0.0989	0.7506	0.2026	8.2392	0.0030	0.6004	0.0000
OLFML3	10.9287	7.4683	1.7059	0.2438	371.3168	0.0000	23.6509
OLR1	0.3482	0.0838	0.1243	0.0350	1371.1599	0.0000	9.6446
ONECUT2	0.6980	0.2257	3.0865	11.4445	0.0025	0.0000	0.0000
OPALIN	0.3730	0.0956	0.0000	0.0144	0.0153	709.7344	0.0000
OPCML	4.1049	3.7997	54.9602	18.4026	0.0025	0.0260	0.0000
OR2L13	0.0000	0.0000	0.0289	0.0142	0.0168	39.8338	0.0000
OR4N2	0.8896	0.6040	30.5171	17.0989	0.0000	2.2779	0.0000
OR7A5	0.6468	0.0215	0.7154	0.0155	0.0000	48.3644	0.0000
OSM	0.7533	0.0455	0.0000	0.0111	447.2734	0.0000	15.2040
OSMR	131.5472	45.7620	6.4104	8.9986	1.6232	8.2346	2.2031
OSR1	4.2145	1.1324	12.6786	1.7552	0.0000	0.0000	0.0000
OTP	0.3345	2.3930	2.0733	11.9026	0.0000	0.0000	0.0000
P2RX7	17.9884	20.0904	191.9248	32.7467	64.9206	106.9490	10.7849
P2RY1	31.6747	49.4253	2.8645	10.9526	5.0196	0.0000	0.0000
P2RY10	0.0000	0.0603	0.0178	0.0000	0.3078	0.0000	193.4059
P2RY12	1.5021	3.2286	2.0388	0.3899	434.4292	5.9884	2.8963
P2RY14	6.7335	13.6988	2.8231	2.4868	3.5526	0.3124	0.0000
P4HA2	34.4598	2.7544	2.7619	6.7604	15.0074	11.6580	3.0804
PABPC5	2.8127	0.6976	15.0387	9.6573	0.0013	6.1274	0.0000
PAK3	2.6785	4.0137	32.9208	125.4734	0.0642	0.6614	0.0000
PAQR8	5.0198	14.2483	8.3315	7.3981	18.3199	236.9612	7.9741
PARP15	0.2238	0.0089	0.0000	0.0000	7.9612	0.0000	86.2933
PARP8	5.2304	5.9360	9.7470	7.5498	24.3014	0.5848	200.2415
PARVG	0.2683	0.0864	0.0000	0.2642	204.8922	0.0000	103.2014
PATL2	0.9479	1.2408	0.2078	0.2252	3.0422	1.9270	39.4886
PCDH11X	6.8649	4.7827	88.8368	47.8869	3.2152	6.2279	3.8558
PCDH15	1.2486	6.2676	74.7796	24.1401	0.0268	0.0000	0.0000
PCDH7	1.2875	3.3703	21.9000	4.2109	0.0000	1.4877	0.0298
PCDHGC3	135.8760	593.3094	578.4881	215.9045	1.5342	3.4420	1.9855
PCOLCE2	68.2066	14.6133	22.0224	9.0612	6.5612	0.0000	0.0000
PCP4	5.4127	2.6191	19.6234	53.6234	0.2669	0.1457	0.0000
PCSK1	40.5257	4.7010	1.5935	8.3630	0.2438	6.9998	0.0000
PCSK2	5.8354	1.4502	8.6535	64.1874	0.0287	0.0153	0.0000
PCSK6	2.0968	0.3963	0.8723	0.8275	0.1250	104.1420	1.4180
PDCD1	0.0676	0.2003	0.0940	0.2072	8.0308	0.0378	183.1066
PDGFA	48.3799	94.5758	23.3377	14.2216	12.2752	35.7077	0.2507
PDGFD	9.9453	27.0662	1.2976	6.0584	0.4108	0.3158	0.1021
PDIA2	1.3399	0.4215	2.0819	3.3420	0.0026	77.2090	0.0000
PDK4	16.4177	5.8445	8.5925	6.2767	982.4195	206.9891	0.5476
PDYN	8.9773	0.2153	0.0000	0.7456	0.7432	0.0000	0.0000
PDZD2	31.6757	45.3583	17.0798	5.7160	0.7875	10.1938	1.5954
PDZRN3	5.5111	5.6698	10.7006	31.0042	0.0149	0.0000	0.0000
PDZRN4	1.9249	3.4326	12.9984	49.8597	0.0507	1.3602	0.0000
PEX5L	1.8452	1.4840	1.7294	3.3847	0.3693	117.4841	0.4061
PFKFB4	53.6859	10.1906	17.7328	12.3376	11.3741	9.9172	0.0161
PFKP	195.1919	47.6763	44.4369	46.7712	33.0671	7.8671	72.9426
PFN2	204.2030	223.8192	1918.1313	1096.0362	2.7625	275.1207	3.3130
PGF	8.0164	0.2215	1.3113	2.7146	0.8058	0.6388	0.0000
PGRMC1	204.6736	200.8922	1098.6395	414.0305	102.7396	745.1844	56.6259
PI3	49.4439	0.0000	0.0000	0.0106	0.0812	0.0000	0.0000
PIEZO2	0.0029	0.0194	0.0586	0.0639	0.2783	14.9391	0.0000
PIFO	20.4412	10.5808	0.2906	1.0980	0.0504	0.0258	0.0000
PIK3R3	11.3668	14.4050	35.9549	81.8861	1.0060	0.6922	7.4624
PIK3R5	0.0969	0.0224	0.0000	0.2288	88.3448	0.0000	58.9633
PIP4K2A	24.7209	22.8251	47.9718	21.7447	76.8046	1020.7115	268.6279
PIPOX	38.2448	106.0666	8.5550	30.4135	3.8908	2.9907	1.0000
PKIA	20.4890	13.7057	46.5828	143.2592	0.3938	0.9105	8.9820
PKP4	11.1500	11.4276	71.7346	14.0690	0.9076	59.5210	0.5935
PLA2G2A	6.7617	0.1807	0.0000	0.0456	0.0000	0.0000	0.0000
PLA2G4A	14.8979	17.1971	63.3317	8.6962	41.4501	0.0000	0.0000
PLA2G5	30.1326	39.7770	0.0000	0.1719	0.0161	0.0000	0.0000
PLAUR	31.6120	7.9129	7.1398	10.5617	1415.1246	13.8156	8.4396
PLCB2	0.2493	0.3771	0.9331	0.4612	93.4769	0.6205	29.3674
PLD4	0.7616	0.1277	0.0510	0.2502	269.3077	0.0000	4.9360
PLD6	8.9427	11.2415	38.0616	14.4050	3.0912	14.0717	14.0444
PLEK	0.3739	0.1499	0.0094	0.1514	459.0374	0.0000	9.6314
PLEKHA6	3.8791	1.9323	9.9660	29.0998	0.0929	2.1628	0.0273
PLEKHB1	50.6183	156.4751	229.3059	44.0079	16.7685	1611.7431	18.2788
PLEKHH1	4.2317	4.8598	6.3141	8.9984	1.9221	280.4999	1.8904
PLIN2	124.2118	14.1816	23.4325	18.2983	1726.2355	36.7454	198.3316
PLLP	11.5847	93.6577	252.9763	16.5418	0.5054	1501.4976	1.1700
PLOD2	222.7028	72.9632	53.4938	16.7554	7.7198	7.1224	0.0000
PLP1	31.5983	119.2557	1979.0635	119.4225	12.8172	39475.4869	46.1299
PLP2	208.5743	53.3718	23.1299	30.1001	89.9671	8.5920	281.3950
PLSCR4	36.2717	37.3908	9.5503	2.1291	0.3841	1.6436	0.0000
PLXDC2	6.1033	1.3053	3.9997	3.2881	702.4255	92.1899	8.2799
PLXNA4	5.6330	4.3497	3.8533	54.6168	0.0260	0.0040	0.1624
PODN	2.8816	1.0757	17.0289	6.7425	0.0279	0.0000	0.0000
PON2	412.9690	1018.2661	407.1651	269.2093	137.2304	531.7111	29.1964
POPDC3	1.0906	0.0086	2.7690	1.3335	0.0053	48.0297	0.8457
POSTN	86.6751	339.6687	18.5794	23.2215	0.0451	0.0000	0.0835
POU4F1	0.8040	0.3904	6.0866	19.0892	0.0021	0.0000	0.0000
PPIC	30.3677	58.4038	18.8528	8.3548	0.6690	0.0000	0.0000
PPL	7.8886	1.4749	0.5389	2.0012	0.3124	0.2460	0.4039
PPP1R14A	1.6741	4.3047	27.8594	5.6286	2.2900	1041.4855	4.3012
PPP1R16B	0.0765	0.0028	13.2087	0.7880	0.3712	53.2825	25.3375
PPP1R1C	6.9548	49.7215	12.7679	6.7109	0.2700	0.3657	0.0000
PPP1R3C	56.4503	10.7308	2.7944	7.0169	12.0199	4.7482	0.0000
PPP2R3B	3.3289	2.3166	12.5067	3.9461	1.2176	2.7290	0.5218
PRF1	0.9536	0.0087	0.0047	0.0483	2.7217	0.1417	388.5021
PRICKLE1	21.3804	6.7097	43.8094	9.4040	0.1190	7.4827	0.0000
PRKAR2B	6.2993	2.6171	9.9226	35.7432	3.7642	1.2483	0.2088
PRKCH	0.5894	0.1879	0.5241	0.5741	33.2009	0.0000	204.0152
PRKCQ	4.6809	1.3826	0.8834	2.8181	1.1247	45.6562	89.1065
PRKCQ-AS1	4.7336	1.7684	1.9917	2.8913	0.0013	71.0372	56.0685
PRODH	6.6186	18.3773	6.4152	5.9077	0.2220	0.3364	0.8538
PRR18	0.8765	0.4990	0.2012	0.5444	0.0000	37.4523	0.6984
PRRG1	7.7626	8.2478	7.1362	6.2677	1.1366	191.8690	1.0984
PRSS23	31.7453	3.7236	3.0298	6.6227	0.2790	1.2150	0.0150
PRSS35	19.4146	1.7364	0.0000	1.3142	0.0000	0.0000	0.0000
PRSS48	1.7904	2.2011	16.4899	6.7275	0.0000	4.3449	0.0000
PRTN3	2.7829	0.0000	0.0000	0.0000	0.0000	0.0000	0.0000
PSTPIP1	0.6677	0.9250	3.3291	0.6125	25.3090	1.4425	152.8323
PTGDR	0.0565	0.0000	0.0000	0.0542	0.0397	0.0000	51.8585
PTGDS	39.1645	9.1436	247.3335	19.8159	2.4470	7510.5987	23.1561
PTGER2	0.4320	0.0152	0.0645	0.0244	13.5842	0.0000	158.7698
PTGFRN	36.2825	61.4445	23.4843	18.4901	4.6033	0.2011	0.0291
PTH2R	0.0000	0.1658	5.8571	1.1594	0.7018	0.0000	0.0000
PTHLH	24.8105	13.2195	5.2330	1.0328	0.0212	0.9057	0.0425
PTN	950.7410	2187.1776	1510.6650	734.7124	4.2731	419.8579	0.1201
PTPN22	0.3770	0.1312	0.1844	0.2334	20.8271	0.0000	111.1702
PTPN6	0.4613	0.1707	0.3398	1.1824	212.4456	0.0000	131.1351
PTPN7	1.2075	1.3531	1.3108	1.3342	27.1449	1.1500	137.3684
PTPRC	1.1008	0.7565	0.7425	1.0227	354.1584	0.2985	1056.2045
PTPRCAP	4.1169	2.0585	2.6569	2.3267	5.7296	4.4979	941.2458
PTX3	26.9431	9.0420	1.2778	3.0569	0.3808	0.0000	0.0000
PYCARD	8.3647	2.7067	2.4874	4.8767	243.7516	0.7322	52.7504
PYGL	134.3042	38.6124	23.7410	8.8587	104.7903	7.2876	0.2361
PYHIN1	0.0362	0.0134	0.3229	0.0000	0.0757	0.0000	162.4564
QDPR	96.6232	130.7858	149.9748	79.5607	40.1113	4824.1368	48.4093
RAB33A	10.7861	4.9596	111.7641	43.4487	3.2295	132.7872	13.5028
RAB34	109.4592	226.6749	27.1583	27.9123	89.2083	0.0000	0.0000
RAB3C	1.8025	2.9720	32.4535	44.2552	0.0227	0.1986	0.0000
RAB40B	6.8980	6.8267	9.3383	11.6877	0.5426	498.6355	0.5412
RAB6C	0.0989	0.2940	1.6276	0.5099	0.0641	24.7770	0.0627
RAC2	0.6469	0.1031	0.0270	0.0000	75.0946	0.0000	677.1270
RAI2	1.4892	0.9252	3.1313	14.7844	0.0108	0.0114	0.0000
RAMP1	251.5131	520.4229	177.5881	92.0445	14.6841	48.3285	0.0000
RANBP3L	1.9171	6.7099	0.6206	0.4648	0.0049	0.0343	0.0000
RAP2A	11.8165	12.4985	55.1282	21.1979	14.8320	14.3467	3.0531
RAPGEF5	3.9826	2.6207	4.4181	18.6690	0.4144	346.0502	0.8171
RARRES2	128.4594	35.4128	52.3623	45.4707	0.1074	0.8969	0.1276
RASD1	158.9153	31.9640	4.9184	47.2054	6.1656	1.7115	6.1943
RASGRF1	0.0622	0.2654	0.2085	0.1663	0.0217	28.9932	0.0000
RASGRP3	0.2990	0.5669	0.7618	0.4213	23.9681	116.9360	9.0316
RASL11B	8.4035	5.0388	39.6653	172.0326	2.0282	2.3060	0.0000
RBFOX2	19.1269	20.5052	21.3132	100.0805	0.6543	4.4428	0.0000
RBM24	3.1815	2.0602	2.9360	16.2161	0.0000	0.0000	0.0000
RBP1	95.0293	143.5575	338.1945	737.4109	1.3420	88.5628	1.1961
RBP7	1.8723	2.9852	0.4942	2.7472	9.4574	161.7779	0.0000
RCAN2	7.8734	0.0106	2.9970	14.2849	0.0712	157.0217	2.2794
RCAN3	3.1057	6.1746	1.5018	3.2376	9.0482	13.9339	125.9069
RDH10	42.6973	19.4908	6.4465	6.9576	2.2814	1.6430	1.6414
RDH5	4.7213	16.5979	0.3056	2.1302	0.2806	0.3558	0.2718
REEP1	8.1414	11.3693	39.0365	85.6620	0.0783	0.0561	0.0000
REM1	0.1426	0.0922	9.0513	0.4425	0.0000	0.0000	0.0000
RET	2.4606	7.2578	0.9944	1.3472	0.1332	0.3776	0.0000
RFX4	53.0694	121.0866	24.1489	63.4178	0.2546	3.0214	0.2447
RGMA	30.3541	48.7501	8.3632	14.5972	0.1329	0.2264	0.0000
RGMB	43.6800	35.4016	154.2143	234.0731	5.8980	15.0081	0.1855
RGR	1.8431	6.7920	37.5378	22.3794	0.1289	0.4217	0.0000
RGS1	9.3141	0.5697	1.1861	3.9256	15645.2222	0.9631	7570.9670
RGS10	4.8256	2.0011	0.0000	1.1540	305.7780	0.0000	150.3206
RGS14	2.3919	1.5821	0.6728	2.8960	5.6474	0.0000	87.8811
RGS18	0.0000	0.0031	0.2962	0.1536	80.4109	0.0000	19.1246
RGS6	47.9678	43.8397	0.9937	1.8855	0.7638	0.2768	0.0000
RGS8	2.7229	0.3718	1.6353	16.8783	0.0000	0.0000	0.0000
RHBDL2	7.2828	4.9834	11.2021	8.1155	2.1689	121.2730	2.6629
RHOF	6.3828	4.0792	4.4823	9.2268	7.5777	4.0575	119.0180
RHOH	0.1396	0.1073	0.0147	0.2096	43.7759	0.0776	277.3366
RHOJ	34.1009	74.0407	12.8033	16.5908	0.5410	0.4117	0.2526
RIMS4	1.4656	8.3337	3.0829	3.3855	0.0135	0.0000	0.0000
RLBP1	1.0286	22.7550	17.6980	6.3712	0.0588	0.0000	0.0000
RNASE1	3.7052	12.7887	10.8707	0.6983	882.6993	3094.5151	59.8941
RNASE2	0.7398	0.0882	0.0000	0.0659	276.3652	0.0000	0.0000
RNASE6	1.0376	0.4534	0.1544	0.0000	485.1685	2.6112	12.6931
RNASET2	14.1150	15.2858	8.7437	7.3267	1160.5363	0.5080	45.4434
RND3	68.5554	21.3157	30.9758	616.8022	33.1085	0.0000	4.7549
RNF144A	8.2587	6.8182	40.4269	18.0638	0.5071	49.3733	4.0908
RNF144B	1.5681	1.2062	0.4017	0.3767	97.2076	0.0511	1.0130
RNF165	6.1300	3.2291	17.1299	38.1024	0.1820	0.0000	0.0681
ROBO3	8.6156	10.7043	3.6929	49.4708	6.5203	4.4791	0.0097
ROGDI	7.7307	20.3504	29.5199	25.9012	17.8557	310.8226	11.5206
RPE65	3.1255	11.7872	0.2609	0.2933	0.0385	0.0000	0.0000
RPH3A	15.0211	75.5724	7.5556	32.8400	0.0993	0.0226	0.0160
RUNX3	0.1474	0.0437	0.0000	0.0000	4.1346	0.0090	44.7908
RYR3	3.5978	11.3228	1.2889	2.7813	0.0422	0.1613	0.1824
S100A1	0.3211	0.3875	3.9549	0.1702	0.6637	41.1380	0.0000
S100A10	622.0741	205.0171	50.7652	26.1519	265.0634	5.6376	333.7350
S100A12	0.0000	0.0000	0.0000	0.0000	55.3358	0.0000	0.0000
S100A16	427.0754	612.4271	84.0410	37.4741	2.3592	127.5414	9.7979
S100A4	2.8700	1.1320	0.2001	0.9102	232.5767	3.5452	652.1902
S100A8	0.0684	0.4166	0.0000	0.5411	226.0790	0.0000	0.2988
S100A9	0.2955	0.1285	0.0505	0.9483	626.8919	0.0000	0.0000
S1PR5	1.3202	1.2714	0.4584	0.8214	0.0202	188.9879	0.7766
SAA1	134.8318	0.0000	0.1890	0.2030	0.7100	0.0000	0.0000
SAA2	11.2611	1.2122	1.7088	2.6324	0.8925	1.0326	3.4711
SAMD3	0.4034	0.1723	0.0703	0.1322	0.0000	0.0000	188.0165
SAMSN1	0.2280	0.1580	0.0000	0.0659	566.3256	0.0208	475.9405
SAPCD2	4.1735	5.4844	29.1001	10.3580	0.3628	7.5328	0.1711
SBK1	1.7850	1.8160	4.9153	14.1139	0.1014	1.7968	0.6054
SCD	141.9917	90.8147	111.7556	44.6298	39.0729	1392.4364	7.1564
SCGN	0.3940	0.0300	0.0000	24.2347	0.0000	0.0000	0.0000
SCIN	0.1518	0.6202	0.6121	0.4272	326.7562	0.2351	0.4854
SCN1A	7.8001	2.9368	15.3186	4.5733	0.0000	0.0020	0.0000
SCN3B	9.4563	3.5967	9.9123	42.4179	1.0697	0.6579	0.6300
SCN7A	3.6075	8.1084	2.0639	0.2667	0.0215	0.0684	0.0000
SCNN1B	3.8659	0.2708	0.2170	0.3619	0.0040	0.0000	0.0000
SCNN1G	4.5119	0.2777	0.0133	1.3905	0.0089	0.0079	0.0000
SCRG1	180.5394	427.2618	1738.7412	299.1189	9.3981	207.7466	4.5670
SCRT2	0.0844	0.0328	1.0392	10.9104	0.0285	0.0000	0.0361
SDC3	51.9586	142.6784	57.1524	38.5050	12.0129	11.0583	1.0934
SDC4	111.9327	25.9160	3.5188	2.1102	22.4163	5.4110	15.3786
SDS	0.4861	0.9362	0.4679	1.7314	92.2529	0.2267	0.0000
SEC14L5	2.3387	0.7443	1.2773	1.2342	0.0920	90.5800	0.4347
SEC61G	7999.6292	4407.7178	752.9991	967.7983	148.3914	103.2879	101.7113
SEMA3B	16.2244	16.2730	12.1254	14.6557	0.3968	416.9013	1.4369
SEMA3C	1.6864	0.2231	6.1299	3.1748	4.2118	55.5900	0.2486
SEMA3E	6.5403	6.3716	49.4074	11.9678	0.4020	5.8633	0.4684
SEMA4D	3.1484	2.6537	13.5671	5.8037	48.5779	187.4917	59.4445
SERINC5	40.4557	76.3398	272.9477	96.6814	19.5173	198.3917	38.4071
SERPINA1	4.2037	0.0053	0.0000	0.1793	304.1793	0.0037	4.0544
SERPINA3	349.6920	109.4308	16.7029	1.7335	1.6054	86.2757	0.1157
SERPINB2	0.0196	0.0164	0.0000	0.0036	49.6271	0.0000	0.0000
SERPINB9	4.8306	3.5428	3.7057	7.0036	487.3291	8.2280	146.3195
SERPINE1	128.2706	12.9324	0.6940	1.0200	163.7041	0.6155	0.1895
SERPING1	104.3073	25.6616	1.1860	8.7234	50.5608	0.6472	0.0435
SERPINI1	7.6196	7.8345	8.7709	21.0742	1.3768	635.8108	6.7691
SEZ6	8.4413	35.0495	12.6586	125.1218	1.9993	0.9349	0.0000
SFRP2	0.6358	0.3392	5.3562	8.9583	0.1147	0.0502	0.0290
SFRP4	32.6747	42.5525	4.3843	7.8735	0.0562	0.0091	0.0000
SFTPC	0.0000	0.6139	3.3856	0.3588	0.0656	27.3852	0.0000
SGCD	2.6029	0.3349	9.7103	1.7901	0.0776	16.3460	0.0000
SGK2	3.0404	1.2826	3.7238	1.4473	0.7103	87.4898	0.6945
SH2D1A	0.3335	0.7356	0.9711	0.1574	0.0035	0.1592	186.8074
SH2D2A	0.0723	0.1009	0.0173	0.2366	1.5137	0.0350	67.3955
SH3D19	6.0407	9.1320	36.6873	16.5099	1.4618	25.2701	2.2155
SH3D21	11.2253	1.8264	1.3497	1.6752	3.6119	4.0570	0.0000
SH3GL3	0.5142	0.0643	0.6035	2.6661	0.0000	118.9087	0.0000
SH3TC1	0.7555	1.2314	0.4008	0.2003	81.2735	0.0000	23.8934
SH3TC2	0.4934	0.1632	0.7403	0.3112	0.0435	20.1012	0.0278
SHC3	2.8559	7.9880	22.7609	6.2367	0.3174	0.2021	0.0000
SHD	1.8120	4.8853	54.4067	64.6719	0.0000	0.0000	0.0000
SHISA7	1.1282	1.9584	31.6394	10.1987	0.0000	10.3210	0.1277
SHROOM3	2.4834	6.1866	0.2904	0.7546	0.0376	0.0140	0.0910
SIGLEC10	4.3253	3.8601	4.4089	7.5545	289.1862	3.2918	17.1490
SIGLEC14	0.3454	0.3005	0.4273	0.4431	95.3162	0.0831	0.2589
SIGLEC7	0.1160	0.0045	0.0000	0.0067	51.9654	0.0000	0.0000
SIGLEC8	1.0952	0.9422	1.1656	1.6023	197.3707	0.8757	3.6196
SIGLEC9	0.0349	0.0236	0.0339	0.1010	114.7941	0.0184	4.1321
SIRPG	0.1777	0.0211	0.0000	0.0760	0.0766	0.0161	101.8322
SIRT2	110.0906	130.9240	1060.0677	103.8745	67.4385	1225.4107	31.6828
SIT1	0.1629	0.0074	0.0000	0.1338	0.2879	0.0000	184.5846
SKAP1	2.0659	0.0430	0.4412	0.3384	0.0423	0.0000	279.1328
SLA2	1.8536	1.6203	2.4819	4.6058	1.6287	1.0535	130.6479
SLAIN1	17.9874	37.3774	107.0555	104.0906	1.7737	1200.8793	25.6271
SLAMF1	0.0000	0.0103	0.0000	0.0000	0.4620	0.0000	117.0305
SLAMF6	0.6158	0.4620	0.7511	0.8456	1.1931	0.4534	117.7981
SLC10A6	16.4948	1.0701	0.0436	0.2771	0.0000	0.5463	0.0000
SLC11A1	1.1574	0.4734	0.1006	0.3749	243.3925	0.0075	0.0000
SLC15A2	5.4019	35.6886	6.7462	2.5011	23.7768	2.0265	0.7537
SLC17A6	0.3209	0.0162	2.4765	20.3225	0.0156	0.0048	0.0000
SLC17A8	0.0765	1.1199	0.6906	14.9071	0.0579	0.0269	0.0511
SLC1A1	5.4421	4.2532	176.9079	28.0790	0.2851	0.4165	0.0000
SLC1A2	40.0875	120.9825	29.4159	36.4830	0.9224	0.9903	0.3525
SLC1A3	525.5019	1236.6413	269.4070	102.0874	574.0454	181.9863	7.8277
SLC24A2	6.4560	4.9906	11.5226	3.8767	0.2963	261.7275	0.1284
SLC25A18	23.0952	46.8799	10.4289	3.8031	0.1585	16.3208	0.0376
SLC29A2	4.6790	4.6424	14.2133	3.9952	0.4129	0.0369	0.0473
SLC2A1	125.5743	22.4959	21.0027	22.1545	18.5086	32.3463	37.3021
SLC2A10	18.8310	28.4167	6.2876	4.6660	0.4960	0.0411	0.2062
SLC2A5	3.0119	1.8733	2.4963	0.7196	355.2955	0.0000	8.6127
SLC30A3	0.5394	0.3360	3.0714	10.9686	0.0317	0.0000	0.3034
SLC31A2	17.0912	10.7448	12.8336	4.5452	199.3362	1031.9183	8.4820
SLC32A1	0.0379	0.0000	0.0093	11.1597	0.0118	0.0000	0.0000
SLC38A5	6.8958	0.8316	20.1444	2.7011	0.6620	0.0000	17.0239
SLC39A14	198.1727	26.4294	26.3968	16.2234	6.4040	2.5984	12.6925
SLC44A1	15.7176	15.6514	150.8649	28.7252	6.0423	297.0239	11.2844
SLC45A3	0.8336	0.1917	0.5340	0.9214	0.1017	29.9978	0.0000
SLC47A2	8.0655	1.0177	0.1494	1.1740	0.1585	0.1872	0.0000
SLC48A1	39.1524	52.4649	67.6277	37.7008	21.0679	795.8239	6.4083
SLC4A4	29.3519	66.1781	1.8870	3.1252	0.1729	0.0732	3.5616
SLC5A11	0.1786	0.1121	0.9304	0.4641	0.0122	245.0360	0.6974
SLC6A11	1.1228	17.1292	0.5635	1.5015	0.0789	0.0000	0.0000
SLC6A15	2.1117	0.0635	2.3180	1.4113	0.0624	49.1360	0.0315
SLC6A6	95.0828	0.4668	8.3450	7.4331	24.2729	59.1812	43.2265
SLC6A9	12.0885	64.2410	14.3397	10.7783	0.0434	121.6581	0.0000
SLC7A7	2.0264	0.6313	0.9481	1.8436	254.8381	0.1237	0.0000
SLC8A3	2.9234	0.8030	19.4158	4.7152	0.0000	0.4478	0.0000
SLCO1A2	1.7601	3.0850	2.6480	2.6077	0.5518	92.8780	1.0794
SLCO2A1	0.7997	4.6814	2.0098	1.2876	0.0087	0.0000	0.0000
SLCO2B1	0.4039	0.0433	0.0045	0.3037	636.4179	0.0000	12.2498
SLCO3A1	1.4330	1.0426	1.5114	1.2654	1.0493	58.4878	2.0664
SLCO4A1	24.8006	2.0506	7.2898	5.0253	11.7847	0.7325	3.4115
SLFN12L	0.0722	0.0062	0.0000	0.0000	0.0199	0.0000	49.3915
SLFN5	15.1877	1.7467	3.3479	3.6349	6.2346	13.6374	243.5293
SLN	138.4022	12.5663	0.0297	1.6050	0.2786	0.0000	0.1890
SLPI	223.0769	0.4104	7.5003	0.7945	1.8067	0.0000	0.0000
SMIM18	6.5780	7.6571	35.0175	84.0434	2.0149	1.7437	14.7816
SMIM3	247.4415	99.1894	13.9152	19.1787	128.6443	0.0550	32.5831
SMIM5	2.7159	2.5665	2.4645	2.2398	1.1168	46.2316	0.5495
SMIM6	0.7320	0.4194	0.8058	0.6661	0.3762	37.2566	0.0000
SMOC1	2.6006	6.3622	130.7417	27.6260	0.0292	17.4025	0.0000
SMOC2	9.7225	0.7843	1.9001	2.0311	0.0063	0.0000	0.0000
SMPD3	1.6836	1.5994	5.3014	17.4878	0.2767	0.1110	13.8278
SNAP25	33.5320	17.7375	69.3842	194.6237	0.0014	3.4577	0.0000
SNORA77	2.8990	1.4436	14.1513	5.3336	0.1402	1.0863	3.1263
SNORD79	3.1528	0.9818	9.9782	1.5865	0.9410	0.9870	0.0000
SNRPE	157.4695	115.1271	886.7774	470.9141	41.6000	54.0460	43.9937
SNX22	4.4442	6.5198	98.7713	18.3390	2.9192	35.0619	2.2335
SNX31	0.4133	4.2880	0.0000	0.3066	0.0130	0.0000	0.0000
SOCS2	110.7934	140.9584	5.6277	34.3344	0.7259	0.0900	39.0426
SOD2	910.4829	75.3139	40.1944	42.1949	702.0962	56.8240	99.2263
SORCS3	9.5896	1.4136	6.3169	1.5268	0.0000	0.3210	0.0000
SOST	3.1591	0.0201	0.0000	0.1140	0.3282	0.0000	0.0000
SOSTDC1	3.4092	0.5113	0.0000	0.1138	0.0096	0.0000	0.0000
SOX10	1.2453	0.5671	54.8020	5.4048	0.0047	101.7765	0.6589
SOX11	28.2695	33.5809	49.4896	265.7687	0.2368	0.1424	0.0261
SOX4	63.3712	95.9361	234.7271	764.9055	7.4002	2.4721	0.2231
SOX6	13.4675	19.1655	127.3965	36.4391	0.0698	1.0361	0.0000
SOX8	8.3539	47.3197	159.4393	96.9849	0.0189	63.9050	0.0000
SP140	0.0708	0.1694	0.0636	0.5505	16.7380	0.3070	135.0336
SPAG4	9.1121	0.4646	0.0822	0.2490	6.8379	2.0070	0.0000
SPARC	526.2241	874.5241	196.4815	64.5803	11.9982	317.1773	0.0965
SPATA22	1.7621	0.5073	8.9213	1.0897	0.0000	3.5898	0.0000
SPATA6	37.7655	121.2136	64.7114	17.4886	36.9980	22.3055	0.0814
SPOCD1	57.8807	2.6215	0.0000	0.0000	0.1545	9.2109	0.0000
SPOCK2	33.4795	8.4617	1.9874	3.8119	0.3042	2.2954	158.7350
SPOCK3	0.9361	0.0165	13.2049	4.3903	0.0387	1307.7219	1.9709
SPRED2	30.1078	68.0143	20.7523	25.7931	6.4521	2.8448	10.6751
SPRY4	18.4643	67.6549	22.7768	17.1486	0.0826	5.8958	0.6031
SPTSSB	15.0677	2.7502	0.3671	1.2283	0.1761	0.0000	0.0000
SRGN	4.7473	1.2639	0.1830	0.1093	6216.6178	1.8600	2134.1011
SRPX2	60.3805	23.2470	1.6910	0.5844	0.1227	1.2627	0.0000
SRRM3	2.6726	1.5796	2.7724	14.1920	0.0000	0.0000	0.0000
SRRM4	0.3513	0.1722	0.4009	8.4352	0.0823	0.2405	0.0474
SST	0.4491	0.0000	0.0000	9.3149	0.0000	0.0000	0.0000
SSTR2	4.3408	2.7676	1.7761	35.6449	0.7935	0.6755	1.0915
ST6GALNAC3	0.5334	0.4673	4.2616	5.0583	39.4721	150.9834	0.1961
ST8SIA2	0.1603	0.1729	0.7012	8.0237	0.0000	0.0000	0.0750
ST8SIA3	0.2885	0.2212	8.9880	14.7419	0.0041	0.0157	0.0000
STAB1	0.2458	0.0165	0.0107	0.1559	199.8323	0.5337	0.4968
STAC	14.2966	23.2155	3.2660	1.7523	0.2767	0.0097	6.3204
STAT4	0.4586	0.0220	0.0866	0.3372	3.9809	0.0000	286.9741
STC1	14.8063	0.0711	2.0064	30.5851	3.0581	0.0149	0.0000
STK17B	17.2585	15.6112	13.5295	10.3204	103.8357	0.6352	480.6865
STMN1	336.2533	448.3940	1137.6600	3004.7867	82.9240	2434.6364	171.9818
STMN2	5.3231	1.0897	76.2854	537.1230	0.1962	0.3957	0.0000
STXBP6	0.1810	0.0379	1.3717	1.9849	0.0000	23.8478	0.0000
STYK1	0.6361	0.0375	0.0000	0.4134	0.0429	0.0000	19.0366
SULF1	9.5816	2.6200	3.5016	26.9905	0.0000	0.0000	0.0104
SUSD5	2.8781	1.7438	35.1444	7.9166	1.0029	7.3059	0.2531
SVIP	11.2817	4.6472	24.9828	12.4009	7.2315	198.0674	78.2139
SVOP	1.2229	1.3214	3.2267	18.7208	0.8407	0.8887	1.2343
SYK	0.7291	0.5058	1.0860	1.2499	88.9974	0.4965	4.2543
SYNJ2	4.3735	3.4190	0.2424	0.5377	0.8989	66.2427	1.9734
SYNPO	20.3547	2.0467	4.4682	2.3308	0.2635	0.0180	0.0430
SYNPR	0.8816	1.0438	0.0000	23.5608	0.0011	0.0000	0.0000
SYT1	5.9488	0.2756	14.5412	78.8592	0.6243	0.2191	0.0000
SYT17	12.3949	30.9120	15.9963	11.8742	1.7034	0.1993	0.0652
SYT4	20.6363	4.2050	4.3139	67.3760	0.1588	0.0000	0.0000
SYTL1	0.9068	0.1075	0.1941	0.0840	1.9704	0.0000	90.4878
SYTL2	109.1305	29.2679	7.1648	3.8666	0.2472	49.6053	102.8511
SYTL3	3.1932	1.4735	0.1374	3.3947	54.1301	0.0000	181.6605
TAC3	21.0345	2.3839	0.4616	133.1887	0.1493	0.0000	0.0000
TAGLN	28.6479	4.8274	3.7512	6.2168	5.2771	5.5220	4.8765
TAGLN3	8.2277	32.6801	161.5311	340.5689	1.5439	8.5963	0.0000
TARP	0.1720	0.1187	0.0000	0.2039	0.1126	0.0000	528.2658
TBC1D10C	0.4845	0.3670	0.4816	0.2380	11.3631	0.2699	320.2344
TBX5	1.4445	2.4579	7.8299	22.0413	0.0052	0.0000	0.0000
TBXAS1	0.5637	0.4566	1.2400	0.9025	400.0377	0.2600	1.1443
TC2N	0.9918	0.4868	0.0056	0.3332	0.6689	0.0000	193.3406
TES	1.4428	1.2183	1.4706	2.4690	47.5154	3.8190	145.1076
TESPA1	0.2109	0.1674	0.2994	0.3431	0.8289	0.1250	52.5618
TF	13.8588	7.2836	94.9412	9.6581	2.2563	5322.3805	14.9103
TFAP2B	0.4007	0.3202	0.9021	9.0414	0.0004	0.0000	0.0000
TFCP2L1	1.8099	12.1401	0.0769	0.1009	4.3254	0.0000	0.3557
TFPI2	3.8614	0.0394	7.3639	0.8591	0.0000	0.0373	0.0000
TFR2	17.1278	2.7756	4.7875	5.0111	0.3985	1.2000	3.1464
TGFBI	26.8919	0.8338	0.0298	3.0642	678.4624	0.0000	45.0332
TGFBR3	12.8379	3.1944	0.7420	1.5642	0.1468	0.7344	20.2083
TGM2	25.2077	0.1159	0.3684	0.3729	10.4334	0.0000	0.0000
THBD	1.0357	0.0817	0.0000	1.4361	237.8180	0.6485	0.0232
THBS1	17.2395	0.9783	8.3834	4.2687	317.6463	0.0054	1.9100
THEMIS	0.4394	0.4092	0.3860	0.3250	0.0680	3.7783	174.0344
THSD1	6.8560	30.6457	9.1902	5.3710	0.7385	0.0000	0.8845
THSD7A	5.3604	14.6515	24.1552	82.9235	0.0487	0.0150	0.0487
THY1	30.6923	79.2961	367.4949	96.3339	0.2449	14.4621	0.0950
TIGIT	1.1410	1.9832	2.1233	1.7827	0.0683	0.0000	120.6285
TIMP3	41.9439	53.6314	7.9213	6.9159	0.3833	0.6342	0.0000
TIMP4	94.2989	158.6942	94.9341	20.4553	1.3407	0.0155	0.0000
TLCD1	10.8871	61.9218	20.8103	6.6320	0.6550	1.1895	0.3284
TLL1	0.3184	0.0981	5.6909	0.2399	0.0644	0.0000	0.0000
TLR1	4.6377	0.8090	0.3259	2.2683	140.6110	7.4426	4.9591
TLR2	0.1664	0.0171	0.2393	0.5029	259.8966	0.0037	4.6947
TM6SF1	2.3394	2.4564	5.0381	6.5094	444.8609	2.5853	2.3100
TMC7	3.3492	3.3341	2.3680	3.8453	4.0238	73.1468	0.8642
TMC8	0.1304	0.0086	0.0443	0.1764	8.9527	0.0389	59.6685
TMCC2	2.2619	1.5108	6.1579	11.4377	0.1451	95.5317	0.7141
TMEFF2	5.1909	1.0329	286.0830	94.4242	0.0046	315.2173	0.0961
TMEM108	6.7316	13.3152	38.9770	8.4907	0.0205	0.6738	3.8819
TMEM114	4.0094	0.0000	0.0000	0.0000	0.1837	0.0000	0.0000
TMEM119	0.7733	0.5905	0.9557	0.6833	150.2907	0.5327	7.0636
TMEM125	0.1203	0.0037	3.1945	0.3279	0.1055	441.6318	1.9471
TMEM132B	4.3547	10.6909	59.7290	19.3725	0.0211	7.3780	0.0184
TMEM144	9.3296	4.4720	10.6025	1.0453	34.5602	2740.0268	11.3529
TMEM151A	1.4039	0.2529	1.0272	1.6803	0.0775	64.9018	0.0000
TMEM196	0.7443	1.0002	8.8264	17.2502	0.0000	0.0000	0.0000
TMEM200A	3.4024	0.1786	2.0129	1.7253	0.0024	0.0000	41.1322
TMEM204	3.0666	0.5994	0.7106	0.8213	1.4088	0.2126	38.8865
TMEM231	24.8404	45.5813	13.2724	15.9516	2.9825	7.3850	0.1371
TMEM235	0.0166	0.0035	0.3959	0.3905	0.0000	63.1510	0.1519
TMEM255A	49.2964	88.8576	59.5958	20.2780	6.6600	5.5749	0.0000
TMEM63A	8.4164	9.3363	4.9683	1.0626	14.3538	364.6094	11.1489
TMPRSS9	1.0596	1.1689	11.5814	4.3376	0.0736	0.0268	0.0000
TMSB15A	20.6686	21.6052	168.0470	315.6710	0.0047	0.0000	0.0000
TNFAIP3	33.7305	2.9546	3.6100	3.7459	253.9282	2.7074	798.2635
TNFAIP8	6.6530	2.3265	1.8218	1.3964	75.6358	0.0000	252.1354
TNFRSF18	1.2328	0.0646	0.5763	0.2575	0.4037	0.6889	42.4091
TNFRSF19	55.7168	103.2237	11.6005	25.1549	0.1086	2.3978	0.0000
TNFRSF1B	4.6776	1.9356	0.9719	1.7043	211.2790	0.5874	91.4624
TNFRSF21	29.7635	77.0307	203.2524	43.5867	31.7271	95.9347	0.0417
TNFRSF4	0.3105	0.1460	0.0000	0.1252	1.0179	0.0000	30.3304
TNFSF13	9.5829	7.7708	2.9780	4.6757	301.2579	2.9570	2.2444
TNFSF8	0.2353	0.2390	0.0373	0.8248	33.3760	0.0000	150.8955
TNK2	8.4278	12.9782	59.8958	27.6290	3.9639	4.2444	10.5062
TNNT1	3.3455	0.3016	7.9522	1.7974	0.0639	0.0000	0.0000
TNR	14.5823	25.3922	373.6962	50.2067	0.0492	1.0085	0.0346
TNS3	5.0457	8.5595	155.1824	6.6053	38.3655	0.9184	2.4920
TOX3	5.2421	1.9333	11.4999	46.4329	0.0011	5.0447	0.0000
TPPP	4.2360	0.9204	9.9394	8.1472	0.1065	267.5482	2.2275
TPSAB1	3.4332	0.0220	0.0407	0.0000	0.2318	0.0000	0.0000
TRAF3IP3	0.1812	0.1280	0.0298	0.0972	30.7443	0.1629	173.4197
TRAT1	0.0000	0.0000	0.0000	0.4467	0.2208	0.0000	208.9348
TREM2	1.0043	0.0051	0.0000	1.3968	1194.7651	0.5690	25.0791
TRH	0.0055	0.1759	0.1965	6.5968	0.1352	0.0283	0.0000
TRIB3	183.6369	19.1748	12.3057	12.6895	2.8519	1.3024	17.5231
TRIL	10.6428	80.7938	18.2451	33.5807	0.0535	0.0000	0.0000
TRPM3	19.1902	51.4655	0.5395	2.1258	2.6580	0.7463	0.0000
TRPV2	1.0246	0.1900	0.0106	0.1558	48.5685	0.0000	119.2976
TSLP	12.5984	0.5113	0.0000	0.1028	0.0000	0.0143	0.0000
TSPAN15	1.6744	2.8105	39.6128	7.0545	31.8502	207.6571	0.9860
TSPAN8	0.0000	0.9408	0.0522	0.3171	0.0000	36.6599	0.0000
TTC29	0.7115	0.0832	3.4183	0.4294	0.0283	0.0000	0.0000
TTYH1	36.3584	334.3728	192.7301	20.8674	0.4884	229.5916	0.3476
TTYH2	11.9646	51.5789	8.4338	11.0738	25.9866	540.6716	0.8335
TUBA1C	350.4751	98.7345	33.8082	98.5680	136.7493	15.7447	169.4792
TUBA4A	23.4004	2.9131	3.5305	3.9310	4.1170	3.9539	457.2015
TUBB3	228.3498	190.7016	509.7015	1921.2253	3.3501	20.6627	0.1043
TUBB4A	8.6819	7.9067	439.7575	83.7653	0.1757	1957.3571	3.9889
TUBB6	77.8242	30.0408	10.8801	9.4294	33.3818	3.1570	4.3179
TXK	0.1522	0.2158	0.0000	0.0000	0.6486	0.0000	34.4641
TYMP	0.2752	0.2709	0.2275	0.3727	78.5452	0.0000	5.3428
TYROBP	1.7148	1.0157	1.1112	0.2232	2145.5686	0.0000	62.8530
UBASH3A	0.0040	0.0000	0.0000	0.0278	0.3823	0.0000	61.2299
UGDH	79.6314	55.5958	238.1949	70.0146	16.4863	14.7814	20.5251
UNC5C	3.1160	5.7385	0.9004	0.9444	0.1305	62.6208	0.1749
UOX	5.3999	0.9568	0.0678	0.4600	0.0128	0.0060	0.0000
USH1C	0.0000	0.0449	0.1689	0.0258	0.0000	14.9938	0.0000
USP43	0.0738	0.6063	7.8347	2.6700	0.1940	0.0000	0.0000
UST	8.0781	8.1794	25.9438	8.0844	1.3163	0.2016	0.3215
VAMP8	2.7078	0.5767	0.8798	1.1590	281.4387	4.6586	191.7205
VASN	7.6222	1.5476	1.2970	1.5672	0.3121	0.6873	0.0000
VAV3	4.3072	16.0387	2.2097	5.0846	1.9547	0.0000	37.2517
VCAM1	50.9111	14.0496	0.0050	2.1062	0.2962	0.0000	0.0000
VCAN	74.8458	162.9541	477.1667	133.8482	98.0623	0.6121	0.0378
VIP	0.4030	0.0192	0.0000	16.3232	0.1036	0.0000	0.0000
VIPR2	4.5300	6.9786	63.0189	71.8094	0.7121	0.6939	0.9290
VSIG4	1.1763	0.0140	0.0000	0.0223	1782.5962	0.0000	30.7509
VSTM2B	0.6920	0.1054	15.5228	1.7147	0.3253	18.0188	0.0000
VTRNA1-3	9.9448	1.6452	0.0000	0.8844	2.9701	0.0000	6.0771
VTRNA2-1	5.3572	1.3844	0.1152	0.5875	0.4160	0.0000	0.0000
VWA2	0.4274	0.8609	5.8668	1.3840	0.1567	0.1439	0.3066
WASF1	19.7028	23.6758	144.9369	62.6075	0.7151	84.1634	0.2876
WFDC1	0.4500	0.9471	8.4776	0.7696	0.5368	0.3990	0.0000
WIF1	5.3769	1.3935	0.0000	0.5001	0.0189	0.0000	0.0995
WLS	118.4147	192.6181	79.9720	50.5439	25.9026	7.5525	0.1696
WSCD1	13.2325	61.6209	33.0229	25.7843	0.4310	15.5771	0.0000
WWTR1	72.5586	37.2157	8.0859	5.4937	0.7616	3.8194	3.3634
XCL1	0.2731	0.1490	0.0000	0.7793	0.3306	0.0000	89.4582
XCL2	0.2458	0.0438	0.0000	0.1380	0.8272	0.0000	111.1849
YEATS4	67.4496	90.3703	119.4018	569.6185	35.4601	27.2315	77.1452
ZAP70	0.8316	0.8449	0.0992	0.1332	0.9047	0.1957	208.6950
ZBED2	0.0497	0.0223	0.1024	0.0000	0.0000	0.0000	23.8816
ZCCHC12	3.3687	2.5517	11.7047	32.0998	5.2613	0.0000	0.0000
ZDHHC23	2.5149	8.3008	1.8589	1.7934	0.0444	0.6355	0.0000
ZFHX4-AS1	7.7069	33.3903	12.5609	12.3369	0.0905	6.6404	0.0000
ZFPM2	1.4718	1.1671	14.8797	24.2462	0.0339	0.1643	0.0000
ZFR2	3.7539	3.9591	29.6198	20.8321	0.3161	3.2316	0.0944
ZNF300P1	4.4438	3.4346	25.4601	36.0763	0.4337	11.2466	0.0000
ZNF395	49.7612	7.5671	5.7906	6.2640	3.2934	2.2716	1.3391
ZNF469	0.1034	0.0144	3.4266	0.3435	1.1440	0.0030	0.6412
ZNF488	0.0841	0.1432	109.3149	11.1775	0.0160	156.0996	0.0000
ZNF560	5.2954	0.1858	0.8136	12.8417	0.0043	0.0000	0.0000
ZNF679	0.8636	0.0627	0.9802	9.1179	0.0339	0.0860	0.2363
ZNF683	0.2935	0.0322	0.0872	0.0000	0.1993	0.0314	116.2470
ZNF831	0.0174	0.0042	0.0000	0.0073	0.0110	0.2110	14.8335
