GeneSymbol	MES	AC	OPC	NPC
A2M	378.7362	30.7767	30.4487	12.9971
AATK	0.5895	0.5773	8.0464	1.8537
ABCC3	32.3084	12.5955	0.0214	0.3542
ABCC6P2	5.5190	9.2733	3.5942	0.3959
ABI3BP	12.6869	0.9262	2.5138	0.7590
ACAN	4.7581	0.3784	11.2931	0.2392
ACOX2	7.2155	17.8977	0.0450	4.6644
ACSBG1	24.0337	83.7269	0.6045	1.3111
ACSL3	89.3405	242.4396	71.5898	78.9557
ACSS3	40.7469	62.9668	7.6760	5.2953
ACTL6B	7.0526	5.9636	20.7752	83.9208
ACY3	0.9614	5.1707	0.7605	0.2280
ADA	11.9427	37.3162	5.2997	8.7800
ADAM19	9.7925	36.1100	1.6271	7.0644
ADCYAP1	0.0764	0.0641	0.0505	17.9806
ADCYAP1R1	12.0697	46.2592	17.7476	17.4368
ADM	876.7557	48.1116	11.1373	19.1790
AFAP1L2	3.5961	8.6826	95.4708	16.5917
AFF3	8.0644	3.1345	6.2547	28.9012
AGMO	16.8811	55.0891	19.9052	15.8164
AGT	301.1930	659.2455	54.1939	62.1060
AGXT	19.1568	0.0000	0.0000	0.0000
AHNAK	33.8636	10.8032	0.2915	1.0822
AIF1L	25.2462	148.0343	109.0027	44.8765
AKAP12	204.7576	10.9529	12.8377	9.0009
AKNAD1	5.5583	4.7325	2.9797	28.3053
AKR1C3	3.4790	2.0176	12.3020	2.1121
ALCAM	33.1278	41.3013	366.2262	88.8929
ALDH1L1	38.0261	73.5122	2.2404	5.7574
ALDH1L1-AS2	5.2097	21.5716	0.0195	2.3952
ALDOC	111.8393	262.5827	99.6479	75.0332
ALK	2.1980	11.6260	3.4348	1.9724
AMER3	0.3645	0.3679	0.6480	10.2428
AMZ1	4.6805	7.5243	28.3648	4.7531
ANGPTL1	3.2034	14.7853	1.3941	6.4672
ANGPTL4	257.9721	2.5715	2.1228	2.7001
ANKRD2	1.3115	0.0277	9.1267	3.0464
ANKRD20A11P	0.4941	0.4869	0.7467	8.7190
ANKRD20A5P	0.7196	1.1600	3.0657	10.8745
ANO3	0.1396	0.0427	7.3942	0.9282
ANXA1	890.0979	333.7783	4.7425	19.1128
ANXA5	1119.2834	1851.4492	608.7004	335.2071
APCDD1	2.6614	7.8368	24.2575	3.2674
APLN	9.2293	1.2028	0.2331	0.4418
APOD	162.3150	95.4024	1007.1492	30.6830
AQP4	128.9159	440.2624	8.9224	7.2409
ARAP2	16.3717	32.2780	8.4547	4.7790
ARHGAP22	0.7861	0.6242	11.6322	0.9880
ARHGEF16	0.3442	0.0473	6.0631	0.4425
ARHGEF6	28.7623	84.1187	32.3748	27.3991
ARL4D	28.6093	23.0972	29.9417	149.7807
ARPP21	3.9097	7.0772	36.4140	12.5885
ART3	5.8102	24.0805	3.5708	2.4623
ARX	1.6920	1.1459	0.6794	14.1577
ASXL3	1.8207	2.8000	4.7584	18.5207
ATCAY	22.1051	13.9960	204.4622	117.5409
ATP10B	0.4825	2.0850	14.6933	4.4681
ATP13A4	33.4826	121.0629	34.9117	15.1510
ATP1A2	58.0283	331.0302	51.5740	10.6903
ATP1B2	70.9613	223.7346	30.3017	15.4750
ATP2B4	44.4435	29.6392	162.8602	49.4069
ATP6V0A4	0.2542	0.0063	11.5230	0.0315
B3GNT7	3.8841	5.7118	31.7778	3.0539
B4GALNT1	21.1695	26.4995	106.8018	631.6080
BACE2	13.8893	2.6170	0.9706	1.6007
BAMBI	5.6218	2.7294	27.5064	6.0789
BASP1	2.6160	1.5094	17.5197	76.2273
BBOX1	38.4847	100.7391	0.7030	3.8087
BCAS1	3.5787	3.5486	263.5379	6.0049
BCL11A	5.4224	6.2250	12.8972	57.7879
BCL11B	0.1460	0.3775	1.5639	10.6637
BEST3	11.4418	20.3287	23.0308	119.5752
BGN	83.8250	15.0081	37.7864	10.2028
BHLHE40	88.2425	19.7473	4.4238	2.2995
BHLHE41	17.8143	5.4053	0.4824	0.6015
BIRC3	15.3635	1.1431	1.3560	0.0949
BMP4	1.9835	1.2825	22.9842	1.9449
BMPER	6.0059	2.7043	78.5223	17.4313
BMPR1B	20.4871	32.8532	5.1503	4.8511
BRS3	0.3759	0.0775	0.0571	6.4314
BST2	192.7293	277.5680	18.3962	14.2175
BTBD8	5.3073	2.9461	20.2445	6.7752
C10orf62	0.7905	0.2444	4.0640	0.1530
C1R	246.3714	72.8102	8.0913	3.5608
C1S	193.0934	34.2071	2.2626	5.5385
C1orf54	20.9369	33.2934	1.9652	1.0178
C2orf27A	5.1654	4.5133	35.5810	11.9121
C3	164.5405	2.3356	0.0302	0.4629
C6orf141	29.3482	5.0212	0.2933	0.6131
C6orf15	14.1703	86.3972	0.0171	0.0000
CA10	2.0257	1.5945	309.9842	50.6734
CA12	219.1450	29.4471	9.1823	3.1515
CA2	125.1324	203.5364	17.4190	7.3463
CA4	5.9645	0.1019	0.2085	0.0072
CA9	95.4103	0.2562	1.0453	11.1110
CACNA1A	1.2077	0.9289	3.1851	11.7979
CACNA2D1	3.0256	0.8542	6.4311	37.8200
CACNA2D3	0.3829	0.1950	0.4344	10.7274
CADM2	18.8620	50.5566	244.7049	74.7515
CALB1	17.3493	1.4885	3.5906	3.2822
CALB2	0.2570	0.0013	0.0681	14.5496
CALCRL	15.6379	16.6178	91.8330	31.6749
CAMKV	5.9905	2.5191	21.0670	34.9139
CAPN6	0.2416	5.2645	0.1593	0.7085
CASP4	55.5135	21.0428	1.3172	1.6071
CAV1	122.2200	5.3150	22.6785	1.6763
CAV2	15.8937	2.8013	37.1323	9.5120
CCDC80	26.2662	108.0078	2.4409	7.6012
CCL2	228.4405	25.6753	0.8571	0.4729
CCL3	5.5790	0.1631	0.1959	0.1897
CCL4	6.8333	0.1922	0.0000	0.0445
CCL7	23.4615	0.0000	0.0000	0.0000
CCT2	289.2819	361.8920	501.4857	2176.7106
CD200	5.8103	20.1291	69.5577	148.8119
CD24	60.8487	20.0174	295.0539	1397.6236
CD44	266.7780	40.7789	0.0778	2.5596
CD68	45.1392	6.5754	7.8740	13.0758
CD74	181.7038	39.8419	1.2137	5.0554
CD82	74.8798	373.0642	174.7088	98.9040
CDH18	0.0000	0.0000	14.9740	4.8340
CDH19	2.2941	0.8119	24.1028	3.1568
CDH6	37.9363	100.6816	6.7581	8.2242
CDK5R1	5.1759	6.3623	17.8504	68.0525
CEBPB	6.2830	0.8773	0.0408	0.3327
CELF3	1.3396	1.1189	4.4014	21.7273
CELF4	2.9356	2.7820	3.1257	36.7501
CELF5	0.8485	1.1395	6.1678	14.0837
CFB	11.7282	1.1372	0.7900	0.8717
CFD	24.1643	1.2595	0.4848	1.8016
CH25H	66.0154	7.7095	0.0236	3.4574
CHAD	0.0481	0.0285	2.8697	0.0747
CHADL	0.7719	0.9132	8.2582	1.3997
CHGA	1.3414	0.4229	5.3050	14.2549
CHI3L1	12133.0325	378.2086	0.7342	11.9190
CHI3L2	488.2857	5.4088	3.7716	4.1393
CHIT1	8.3424	0.1458	0.1669	0.3302
CHRNA1	21.2048	100.2641	0.0278	13.4445
CHRNA9	32.2961	5.7216	1.0928	0.0173
CHST7	5.5969	16.1876	2.7319	2.7608
CHST8	7.9869	32.8624	6.7268	9.2550
CKMT1A	0.4251	1.7764	20.4591	11.0677
CKMT1B	1.5948	1.5477	25.8204	12.6392
CKMT2	12.3730	1.4560	1.7534	0.5172
CLCF1	28.5565	0.3790	0.0000	0.6314
CLDN11	9.4372	2.4461	145.3038	6.1250
CLEC2B	49.4341	4.4449	4.5618	12.6318
CLEC3B	4.3706	0.2985	0.0000	0.0451
CMTM5	2.1023	6.6960	62.3222	8.8491
CNDP1	0.5826	0.2197	5.5170	0.3396
CNGA3	31.1733	52.0989	3.3105	8.8614
CNIH3	54.4617	68.0445	10.8156	5.0189
CNP	76.4674	181.3700	489.3481	99.2568
CNPY1	3.8649	7.8514	6.6309	46.3195
CNTN1	26.1055	71.3090	358.6018	110.3099
CNTN2	2.8167	1.5313	32.4841	36.0611
COL11A1	8.0191	2.8382	78.4093	9.9184
COL16A1	17.9882	59.1357	41.2779	7.6665
COL20A1	4.5429	14.0159	112.2707	20.9934
COL28A1	5.8120	43.8062	6.4680	2.7173
COL4A3	0.3042	0.5410	12.4143	5.1039
COL5A1	10.9053	1.3200	0.6568	0.1772
COL6A2	22.6457	2.6673	0.1653	0.4853
COL9A1	4.5967	3.1684	170.9645	19.2070
CP	20.4183	2.9121	0.7271	0.7235
CPM	7.9158	9.6675	34.5016	77.5857
CPNE4	17.9195	120.4809	4.2747	14.8177
CPNE5	1.9679	11.3676	3.1657	0.6117
CPSF6	59.5095	74.9437	104.4788	372.4065
CPVL	67.9864	134.2773	10.4316	19.8294
CRABP1	2.0722	0.0288	0.1261	133.2231
CRABP2	24.3391	2.5769	3.5810	3.3088
CREM	21.8949	63.3373	31.8378	14.5747
CRH	1.4045	14.2562	0.0000	0.0410
CRYAA	40.0181	0.0000	0.4137	0.0000
CSDC2	1.7093	0.5626	0.2821	10.6413
CSF3	15.1550	0.1677	0.0327	0.4424
CSMD3	0.7178	1.4051	18.7873	6.0399
CST3	1133.5514	4939.0915	430.0528	283.0010
CXCL14	118.9342	25.9928	0.0536	1.0818
CXCL16	37.1115	58.4807	19.4517	8.7220
CXCL2	293.9568	9.4185	0.0000	1.1484
CXCL3	51.9815	2.1882	0.0126	0.0383
CXCR4	124.6877	28.2677	1.9932	29.7641
CYB5R2	5.3207	14.9919	8.4579	0.7037
CYP4X1	0.1419	0.5733	1.2944	6.5142
CYTL1	14.9854	78.9263	59.4539	13.0131
DAB1	1.3928	1.8140	10.3044	2.8930
DACH2	0.6063	0.0298	17.5398	8.3753
DAPL1	1.2410	1.4284	38.9801	14.6113
DAZ2	0.0000	0.0108	11.1461	1.9471
DBI	1033.1567	3817.0144	1420.9626	633.2316
DBX2	8.9854	20.5950	0.4066	1.9856
DCAF4L2	0.2462	1.1758	7.9165	0.8351
DCC	4.2677	10.8508	16.3396	51.8744
DCN	42.6923	76.3299	0.0000	1.8502
DCT	2.8620	1.2174	9.8735	1.6764
DCTN2	256.0276	271.0744	400.6285	1660.0119
DCX	4.5046	9.9109	58.3868	249.3840
DDIT4L	26.3262	4.1153	0.0000	0.1125
DHRS3	161.4969	41.6679	0.0372	1.5831
DLL1	12.3403	31.2787	69.5836	195.9876
DLL4	0.7935	0.0008	0.3088	5.8352
DLX1	2.8743	3.2426	2.6271	156.6956
DLX2	2.4445	0.9223	1.1939	49.0944
DLX5	3.9144	0.6682	20.5951	578.5564
DLX6	2.9001	0.1661	10.9022	124.3185
DLX6-AS1	8.1581	2.1135	6.5021	715.8610
DMRT2	0.3594	0.5246	7.4053	0.9600
DNAH11	12.9608	1.2885	0.5502	0.6809
DPP4	14.0245	21.7895	0.2724	3.2841
DPYD	80.9690	16.6405	8.2148	10.0578
DSCAM-IT1	0.1717	0.0908	9.3731	3.7026
DTX3	11.4283	12.3432	19.0216	76.9051
DUSP26	7.9588	6.9079	50.1127	70.5457
DYNC1I1	4.6542	3.1625	12.8500	131.1308
EBF1	4.8056	0.6531	1.9585	26.5477
EDN2	4.7672	0.0407	0.0000	0.5975
EDNRB	35.9474	307.3385	57.8891	29.9559
EFCAB3	16.1230	1.6177	1.7233	3.4344
EGFR	624.2727	1400.1152	214.9021	438.5012
EGLN3	155.2924	13.3945	21.5402	8.2182
EHD3	8.3218	16.0223	61.4523	15.0587
ELANE	5.7927	0.3288	0.0000	0.0306
ELAVL2	2.0849	0.5644	6.4818	37.4218
ELAVL4	19.2845	16.8700	31.4810	331.4282
ELFN2	0.0818	0.2951	4.7300	1.3144
ELMO1	12.5466	11.6390	155.1334	95.0566
ELOVL2	53.9906	152.6191	1.9843	27.4765
ELOVL2-AS1	3.9069	9.7807	0.3981	2.1909
ELSPBP1	3.9977	8.3669	0.0000	0.0000
EMILIN3	2.8713	28.7699	5.2587	8.7232
ENKUR	20.0204	36.3639	5.3381	3.9719
ENPP2	1.8123	1.7202	31.3371	2.1210
ENPP4	4.0334	1.3733	16.3583	6.5140
ENPP6	3.0250	12.3276	63.6238	1.7231
EPAS1	267.3625	43.1273	11.1932	2.1858
EPB41	11.7543	5.5023	18.7445	52.6358
EPB41L2	31.2159	35.4820	157.3548	24.0552
EPHB1	15.4816	12.8568	138.6245	42.7648
ERBB3	5.4772	6.2351	141.5024	15.1688
ERC2	3.6373	2.0559	15.3769	24.7174
ETV4	16.9332	42.3134	0.6388	5.3006
ETV5	24.4042	73.2332	20.4063	19.6163
EVI2A	6.0120	2.9974	59.2287	13.7901
EXTL1	1.1170	0.6424	10.0659	2.0318
EYA1	3.2948	4.1606	20.7826	66.3415
F13A1	129.2583	0.1331	0.0000	0.0077
F3	253.6771	361.4575	36.9745	18.4378
FA2H	0.2476	0.0888	18.1895	1.2859
FABP6	0.0694	0.3863	6.0467	12.0368
FABP7	389.6123	1440.8697	333.8397	338.1641
FAH	7.6156	12.8490	1.0564	1.4624
FAM107A	15.9651	36.0133	3.2409	2.6969
FAM180A	80.0656	0.1918	0.8515	0.6620
FAM89A	1.4676	1.0780	13.5030	6.6754
FBLN1	19.2088	4.4744	12.0598	56.7685
FCRLA	2.4715	0.8539	25.6547	0.8302
FERMT1	6.5873	8.2332	71.3351	29.9420
FGF1	29.8567	35.8275	4.7632	1.2453
FGF12	6.4922	7.3105	141.4417	19.6333
FGF9	1.4294	1.5832	5.9344	27.6246
FGFBP3	1.6500	11.6238	7.2028	3.3243
FGFR3	2.3925	9.5745	1.0454	2.0295
FIBIN	74.7847	204.3419	453.4364	29.5961
FN1	206.2744	26.1974	7.9804	7.5747
FNDC5	1.9015	1.5556	3.2204	17.7336
FOSL1	22.6387	4.2651	1.7299	1.7694
FOSL2	29.9156	7.0112	1.5068	4.4323
FOXP2	2.1877	1.4309	19.3068	23.7200
FRAS1	0.6660	0.9619	0.7551	9.0921
FRMD4B	3.7688	3.7237	27.4442	5.7756
FRZB	38.0515	2.6739	22.3846	4.8656
GAB3	2.7981	7.8139	1.5999	1.2516
GABRB3	2.2342	0.6143	12.7589	17.3339
GAD2	0.0160	0.0130	0.0000	5.1973
GADD45G	14.2710	8.1043	22.8095	75.2507
GAL3ST1	3.1280	0.2782	8.2175	0.9058
GALNT13	2.7920	3.1250	58.5439	19.9984
GALNT15	47.3241	8.2689	2.7047	2.9822
GATM	152.1129	748.0150	241.5883	62.3002
GBP2	102.1369	5.7975	0.3211	0.1947
GDAP1L1	8.7649	6.2033	22.6932	60.1781
GDF15	279.4875	30.8348	0.1375	11.0253
GDF3	6.8242	1.0282	0.0000	0.0000
GDPD2	13.9192	36.6570	11.7541	3.9172
GFAP	1032.0935	1473.0916	331.7506	89.6823
GGT5	8.7669	0.5281	0.0557	0.0445
GJA1	58.1492	92.8449	2.8314	3.4317
GJB2	24.6063	4.9564	0.0000	1.0081
GLCCI1	17.1560	27.6120	71.5274	178.4505
GLIPR1	52.4318	8.4517	8.1217	7.3171
GLRA3	1.0938	0.0805	32.3026	2.5514
GNAI1	26.9445	16.0862	164.5737	91.5230
GNG3	10.4086	6.7547	29.7874	95.4105
GNG7	16.1222	90.9666	24.5985	10.0533
GPC2	1.4040	4.4508	14.4810	46.3052
GPC3	3.7373	1.2903	9.5669	0.6565
GPD1	2.8723	4.2908	73.4743	80.0238
GPD1L	9.5571	32.2342	19.4832	7.0410
GPNMB	31.9559	5.1022	7.0942	0.3175
GPR17	0.5285	0.5053	657.1048	5.0274
GPR174	0.1733	0.0000	4.1360	0.0636
GPR37L1	40.6266	304.2255	170.3734	51.9769
GPRC5A	22.1188	0.4645	0.0505	0.2996
GPX3	72.5357	13.9157	4.0493	7.6308
GRAMD1C	5.4161	15.1806	9.4623	1.8576
GREM1	0.6356	0.0018	18.1050	2.4109
GRIA1	6.4633	22.9644	10.8307	7.3120
GRID2	1.8908	4.3131	67.1506	10.8293
GRIK1	14.7902	37.0130	11.8946	9.6603
GRIN2B	0.4004	0.7468	0.8066	7.7788
GRM2	0.5947	0.2008	0.9261	7.8093
GSDMD	24.2211	34.3413	5.6451	2.5965
GSE1	15.2920	4.1070	12.0339	51.4194
GUCY1B2	0.0290	0.0458	0.2426	4.2677
H19	21.5601	0.6190	35.4711	4.9239
HABP2	0.3827	2.5047	0.0000	0.0033
HCG22	0.1937	3.4391	1.4779	0.1580
HECW1	2.9290	1.9643	7.2895	19.0193
HEPACAM	26.3216	67.5532	16.0793	9.8382
HEPH	2.6590	5.1171	0.0000	0.0186
HEPN1	349.0581	983.9903	198.0669	135.7859
HERC6	11.0797	26.8925	7.4967	2.3352
HGF	11.9739	1.1534	2.3927	1.0207
HHIP	41.8054	8.0800	1.0810	10.3775
HILPDA	1105.9805	54.0984	59.0771	93.0805
HK2	31.8765	4.5336	11.8607	6.7660
HLA-DRA	224.2844	45.5082	2.1714	3.9561
HLA-DRB1	39.3207	6.1127	0.2409	0.7210
HLA-DRB5	10.4512	1.3330	0.0066	0.1734
HMGA1P7	0.0000	0.1977	17.5114	1.3152
HMOX1	31.1171	3.3536	1.6558	2.1199
HOPX	228.1070	1485.4395	41.3517	29.0492
HOXA2	2.9920	4.7548	6.8453	38.1057
HOXA9	3.1486	5.8229	17.7776	77.7853
HOXB5	0.6503	0.4807	0.0000	13.2757
HOXC9	6.9359	3.9339	9.0476	39.9567
HP	12.2383	0.5062	0.0222	0.5490
HSD11B1	14.4358	2.0886	0.1764	1.0067
HSD17B6	6.7455	36.2056	6.8684	3.5684
HSPA12A	4.0204	3.6438	23.8289	8.8360
ICAM1	77.2187	3.2592	4.2075	1.5583
IFI27	11.7653	36.1123	1.3942	5.1052
IFI44L	29.6819	88.6159	4.8546	3.7551
IFI6	366.6783	953.5424	468.7610	122.5408
IFIT2	20.3607	42.0772	22.6659	4.6051
IFIT3	34.0164	84.6033	26.8254	15.2046
IGF2	5.4124	0.6315	25.1762	2.1317
IGFBP1	7.3881	0.4026	1.4907	0.0060
IGFBP3	1610.1190	261.1661	27.5517	19.4639
IGFBP5	346.6244	80.4728	38.5193	37.3174
IGFBPL1	2.4931	4.1973	32.3370	200.8222
IGSF10	4.8686	12.1098	5.1260	2.1266
IL1A	5.3176	0.0156	0.0028	0.8051
IL1B	39.7545	0.0026	0.0450	0.0555
IL1R1	10.9019	0.4847	0.2918	0.4469
IL1RAPL1	2.9672	3.1836	33.6838	13.6265
IL32	20.6010	1.3122	0.0000	0.0782
IL6	29.6355	0.7830	0.4419	0.1322
INA	3.4764	0.7488	22.9762	73.1029
INSM1	1.8724	1.3933	5.6524	48.8619
IQUB	2.3047	7.3001	0.2585	1.2326
ISG15	117.1163	335.6513	220.1775	54.1130
ISG20	32.3701	9.8571	0.9219	2.1458
ITGA5	55.1325	13.0843	2.6907	3.5259
ITGA6	8.4012	24.3063	6.8492	7.1672
ITGA7	45.5646	116.9886	8.5204	12.9568
ITK	7.9812	0.5480	0.0000	0.0112
ITM2A	13.8735	2.9024	474.5610	59.0812
JUP	3.7307	2.3906	2.1080	21.2081
KCNF1	9.4948	23.0704	1.6398	1.9339
KCNH7	4.8861	6.6316	19.2886	91.8207
KCNH8	1.0101	1.2970	10.3581	15.2816
KCNIP1	23.0816	96.2242	50.7140	20.8181
KCNIP3	0.9900	2.5727	30.9846	5.1336
KCNJ16	2.0378	25.4413	7.6346	3.1493
KCNK1	1.7951	0.3602	11.3624	0.6966
KCNS3	0.6509	0.0011	33.7603	3.5970
KCTD4	0.4309	0.7533	7.2215	0.1854
KIAA0408	6.7163	5.8864	12.0183	42.4479
KIF13A	6.5922	5.9303	33.3986	7.7554
KIF5A	17.8652	18.4521	36.9414	260.5271
KIRREL3	2.0011	2.0819	0.3947	15.6911
KLHL32	2.9109	3.6181	22.5027	5.8425
KLHL35	0.1302	0.1725	1.0600	31.5799
KLHL4	58.2876	148.1897	42.8620	35.5548
KLK6	0.8968	0.0216	16.3904	0.8557
KLK9	0.1169	2.2584	0.0000	0.0628
KLRC4	0.5597	3.5374	32.6830	16.0910
KLRF1	0.0448	0.0636	4.0431	0.6129
KRT17	8.0903	0.0239	0.0788	0.3546
KRT75	4.1495	0.0246	0.0000	0.0024
KY	0.2719	0.1867	5.8560	1.3844
LAMB3	1.5431	6.7918	1.1489	1.1653
LEMD1	2.2994	2.2342	0.0000	20.9507
LFNG	6.3362	29.1703	1.2617	4.0647
LGALS3	2141.3117	471.8607	14.6654	101.1580
LGI3	0.0790	0.3800	6.0723	0.6144
LGR6	1.2807	13.5537	0.0655	0.0877
LHFPL3	37.0902	144.6745	679.5618	255.4983
LHX1	0.3956	0.0855	0.8392	8.2038
LIMS2	0.9730	0.1574	23.9980	1.9181
LINC00320	2.4056	4.2975	15.9288	2.1329
LINC00689	15.7446	5.3447	286.1575	172.2345
LINC00707	3.1647	0.0329	0.0687	14.1889
LIX1	7.7411	16.1350	6.6067	1.5965
LMO2	16.7156	34.6361	0.2266	4.0880
LOX	138.6681	4.0198	2.2429	3.1497
LOXL2	50.9601	8.8923	3.8603	4.0999
LPAR1	14.6201	28.5464	17.9596	1.8880
LPAR2	7.3441	3.7807	11.3696	35.9220
LPAR4	0.3425	1.2101	13.9796	3.8213
LRTM1	0.1693	0.0885	0.0000	5.4918
LSAMP	27.6681	49.3874	172.5000	54.1073
LTF	177.5514	0.1070	0.0000	0.0960
LUM	0.6772	5.7123	0.3389	1.2980
LUZP2	3.7387	21.9351	66.7611	14.7801
LY96	29.1587	3.5840	0.1899	1.9570
LYPD1	27.2150	88.4445	25.3438	10.2906
LYPD6B	0.0000	0.5465	0.0000	6.1300
MACROD2-AS1	0.1562	0.2622	3.5143	0.2656
MAEL	6.8606	13.6553	4.8824	0.7567
MAFB	38.3331	3.3028	2.8975	15.0949
MAG	1.6870	0.1933	48.5568	0.3383
MATN2	31.0224	110.4389	89.8593	11.2943
MBP	19.4155	33.5257	289.0651	53.6629
MDGA2	0.4855	0.7686	28.6312	7.0260
ME1	7.5212	1.3438	18.5915	4.7380
MED12L	9.9293	24.4712	8.5858	5.2540
MEGF10	3.0034	2.6349	12.2604	1.8245
MEGF11	4.7000	11.4091	54.0403	15.8844
MEIS2	15.0302	14.6181	14.5034	107.6813
MEOX2	58.1494	157.2640	34.5526	37.6435
MET	9.6362	0.4563	2.2691	2.3125
METTL7A	55.1959	110.2835	25.5365	26.4208
METTL7B	162.1434	569.1381	4.8661	5.6642
MEX3A	4.6634	4.6999	12.8901	35.8127
MEX3B	0.4147	1.0815	7.9305	21.7247
MFAP2	4.2820	0.5926	6.2064	16.6784
MFNG	9.6481	6.7247	13.2131	72.7720
MGP	156.8635	7.9769	0.0050	39.9490
MGST1	185.6393	24.0668	4.5198	10.1664
MIAT	19.0607	6.2096	27.2902	181.6048
MIR155HG	39.6056	10.8816	3.2843	3.2446
MIR199A2	1.9242	0.2810	8.7103	2.9134
MIR210HG	22.3200	2.2775	3.5867	3.7761
MIR3650	0.0861	6.6309	2.5547	0.6708
MIR4441	0.9238	0.0000	2.6525	15.6457
MIR7-3HG	8.7058	2.1337	0.9544	33.5486
MLC1	99.2212	295.8265	19.6974	35.8854
MLLT11	148.3793	147.3909	413.5532	997.1240
MMP17	3.4002	0.7605	13.3034	3.0354
MMP19	8.9640	1.0703	0.7065	0.7091
MMP7	34.6058	0.0000	0.0000	0.1091
MOG	7.7633	6.6030	94.6381	13.6269
MPZ	0.4052	0.0839	4.6737	0.8181
MSANTD3-TMEFF1	9.9569	7.4488	12.6130	47.9145
MSL3P1	0.5316	0.5280	5.6905	0.9252
MT1G	54.1345	5.7199	8.8020	2.3504
MT1X	2324.6412	240.9850	75.8033	34.7827
MT2A	6508.3359	2297.3633	239.7752	103.4640
MT3	611.2372	967.1412	149.8554	41.7491
MTMR9LP	7.3423	6.0041	29.6790	5.5500
MYBPH	19.8692	0.2695	0.1463	0.0251
MYO7B	0.2970	1.0241	12.3613	0.6538
MYOF	9.9395	1.2286	0.0616	0.0030
MYOT	2.7403	2.7499	30.3036	4.3203
MYRF	1.1607	1.3675	42.4342	1.8215
MYT1	1.5042	6.9417	51.7456	64.7580
MYT1L	0.0210	0.1803	3.0852	58.1334
NAMPT	925.8159	80.6193	56.2722	57.0353
NDRG1	223.0568	9.3981	3.2964	9.1595
NDRG2	155.3038	613.5600	234.6574	161.4935
NDST4	0.0580	0.0104	1.9589	14.7616
NDUFA4L2	56.4607	3.0192	1.0988	17.1778
NEDD4L	8.8550	4.5194	2.0898	45.2776
NES	21.6810	60.1858	28.6798	16.7094
NETO1	1.7091	1.0420	8.9691	21.9361
NEU4	3.5126	38.2860	215.9781	58.4599
NEUROD4	1.8696	0.1698	0.4177	13.3888
NEUROD6	0.0000	0.0072	0.1096	5.4996
NFASC	52.0907	16.3354	315.2013	52.2592
NFKBIA	562.9258	135.3620	71.9252	93.8239
NFKBIZ	148.9047	38.0442	34.2973	18.6109
NHLH1	1.5371	0.6261	0.7878	35.3595
NHLH2	0.2776	0.0253	0.3193	9.4945
NID2	0.6336	0.5215	34.5631	1.4292
NINJ2	0.0644	1.3935	12.0722	0.6881
NKAIN1	0.7426	0.3748	6.6959	14.0682
NKAIN2	0.2562	0.0806	3.3852	0.1924
NKAIN4	5.0803	75.3038	310.4603	119.1403
NLGN3	47.7352	210.4443	174.1698	66.6519
NLRC5	14.5328	26.1061	6.0327	3.8041
NMB	52.5909	94.5664	6.2874	4.2159
NMNAT2	3.1658	0.6978	7.8672	16.2767
NNAT	16.8258	20.6230	240.5827	1142.2682
NNMT	208.9985	30.6798	9.9322	14.0295
NOS2	17.4416	63.9035	1.0790	4.5225
NPAS3	9.9356	24.6701	8.1651	5.8048
NPAS4	0.7670	0.1212	0.0206	12.0240
NPNT	40.7320	48.1132	0.9593	3.8875
NPY	1.6449	1.2427	11.5434	67.7350
NPY1R	15.3558	1.6423	1.6760	3.6035
NPY2R	1.7051	6.9340	0.0000	0.9581
NPY5R	14.9284	0.5580	3.0519	2.6768
NRG1	4.8292	4.9172	0.6360	30.6410
NRN1	346.5288	44.1593	46.7680	46.3613
NRSN1	1.4940	8.9533	18.8979	51.4075
NSG1	9.3035	8.5735	25.3588	145.2365
NUP107	71.7763	92.1594	131.7762	637.9335
NUPR1	116.4886	27.7874	1.6708	25.8345
OAS1	31.6820	63.2491	4.6580	3.2721
OAS2	7.8703	16.3408	2.2330	0.8811
OAS3	17.3749	39.0407	13.5506	7.6305
OASL	2.7839	7.4573	2.1640	0.0597
OLFM3	0.0989	0.7506	0.2026	8.2392
OMG	13.7192	74.9499	410.9709	120.4893
ONECUT2	0.6980	0.2257	3.0865	11.4445
OPCML	4.1049	3.7997	54.9602	18.4026
OR4N2	0.8896	0.6040	30.5171	17.0989
OSGIN1	11.6711	1.3707	0.3717	1.4848
OSMR	131.5472	45.7620	6.4104	8.9986
OSR1	4.2145	1.1324	12.6786	1.7552
P2RX7	17.9884	20.0904	191.9248	32.7467
P2RY1	31.6747	49.4253	2.8645	10.9526
P2RY14	6.7335	13.6988	2.8231	2.4868
P4HA1	260.7058	67.5389	50.8922	29.4859
P4HA2	34.4598	2.7544	2.7619	6.7604
PADI2	33.2745	4.0331	20.9261	3.7898
PAK3	2.6785	4.0137	32.9208	125.4734
PCDH11X	6.8649	4.7827	88.8368	47.8869
PCDH15	1.2486	6.2676	74.7796	24.1401
PCDH7	1.2875	3.3703	21.9000	4.2109
PCOLCE2	68.2066	14.6133	22.0224	9.0612
PCP4	5.4127	2.6191	19.6234	53.6234
PCSK1	40.5257	4.7010	1.5935	8.3630
PCSK2	5.8354	1.4502	8.6535	64.1874
PDGFA	48.3799	94.5758	23.3377	14.2216
PDGFD	9.9453	27.0662	1.2976	6.0584
PDYN	8.9773	0.2153	0.0000	0.7456
PDZRN4	1.9249	3.4326	12.9984	49.8597
PFN2	204.2030	223.8192	1918.1313	1096.0362
PGRMC1	204.6736	200.8922	1098.6395	414.0305
PHLDA2	12.9463	3.1844	1.0846	0.6025
PI3	49.4439	0.0000	0.0000	0.0106
PIP4K2C	64.7166	38.4317	53.5533	240.3619
PIPOX	38.2448	106.0666	8.5550	30.4135
PKIA	20.4890	13.7057	46.5828	143.2592
PKP4	11.1500	11.4276	71.7346	14.0690
PLA2G2A	6.7617	0.1807	0.0000	0.0456
PLA2G4A	14.8979	17.1971	63.3317	8.6962
PLA2G5	30.1326	39.7770	0.0000	0.1719
PLCL1	0.4069	0.3173	1.9013	6.8294
PLD5	3.4262	14.4506	4.2829	4.0047
PLEKHA6	3.8791	1.9323	9.9660	29.0998
PLIN2	124.2118	14.1816	23.4325	18.2983
PLLP	11.5847	93.6577	252.9763	16.5418
PLOD2	222.7028	72.9632	53.4938	16.7554
PLP1	31.5983	119.2557	1979.0635	119.4225
PLP2	208.5743	53.3718	23.1299	30.1001
PLTP	143.8921	301.9622	27.9800	29.0907
PLXNA4	5.6330	4.3497	3.8533	54.6168
PLXNB3	16.2399	24.2533	71.7417	11.4031
PODN	2.8816	1.0757	17.0289	6.7425
PON2	412.9690	1018.2661	407.1651	269.2093
POSTN	86.6751	339.6687	18.5794	23.2215
POU4F1	0.8040	0.3904	6.0866	19.0892
PPFIA2	5.6520	4.8086	21.9078	39.1060
PPIC	30.3677	58.4038	18.8528	8.3548
PPP1R14A	1.6741	4.3047	27.8594	5.6286
PPP1R16B	0.0765	0.0028	13.2087	0.7880
PPP1R1C	6.9548	49.7215	12.7679	6.7109
PPP1R3C	56.4503	10.7308	2.7944	7.0169
PRDM1	5.1634	13.7977	0.4965	1.2201
PRDM8	0.1250	0.0369	2.8293	6.4746
PREX1	10.1574	47.6156	12.1766	6.0309
PRICKLE1	21.3804	6.7097	43.8094	9.4040
PRKAR2B	6.2993	2.6171	9.9226	35.7432
PRSS23	31.7453	3.7236	3.0298	6.6227
PRSS35	19.4146	1.7364	0.0000	1.3142
PRSS48	1.7904	2.2011	16.4899	6.7275
PTGDS	39.1645	9.1436	247.3335	19.8159
PTGS1	7.1590	32.0138	0.1475	1.0639
PTGS2	27.2359	1.0260	4.0401	1.6226
PTH2R	0.0000	0.1658	5.8571	1.1594
PTPRH	6.7892	0.5203	0.0565	0.8308
PYGL	134.3042	38.6124	23.7410	8.8587
RAB33A	10.7861	4.9596	111.7641	43.4487
RAB34	109.4592	226.6749	27.1583	27.9123
RAB3C	1.8025	2.9720	32.4535	44.2552
RAI2	1.4892	0.9252	3.1313	14.7844
RAMP1	251.5131	520.4229	177.5881	92.0445
RANBP3L	1.9171	6.7099	0.6206	0.4648
RASD1	158.9153	31.9640	4.9184	47.2054
RASD2	1.4824	0.0131	0.3715	7.5524
RASGEF1B	5.6809	1.0334	32.0261	7.3856
RASGEF1C	0.4139	0.0243	7.6406	2.0020
RASL11B	8.4035	5.0388	39.6653	172.0326
RASSF2	54.2344	213.1915	106.0288	79.4150
RASSF4	54.5011	155.8574	66.4765	43.5386
RBM24	3.1815	2.0602	2.9360	16.2161
RBM47	12.6010	4.0250	0.0000	0.0144
RDH5	4.7213	16.5979	0.3056	2.1302
REEP1	8.1414	11.3693	39.0365	85.6620
REM1	0.1426	0.0922	9.0513	0.4425
RET	2.4606	7.2578	0.9944	1.3472
RGCC	2.2632	28.3344	87.9567	4.5355
RGS8	2.7229	0.3718	1.6353	16.8783
RHOJ	34.1009	74.0407	12.8033	16.5908
RIMS3	0.9465	0.4709	3.6290	9.7067
RLBP1	1.0286	22.7550	17.6980	6.3712
RNASE1	3.7052	12.7887	10.8707	0.6983
RND3	68.5554	21.3157	30.9758	616.8022
RNF165	6.1300	3.2291	17.1299	38.1024
ROBO3	8.6156	10.7043	3.6929	49.4708
RPE65	3.1255	11.7872	0.2609	0.2933
RPH3A	15.0211	75.5724	7.5556	32.8400
RSAD2	5.8971	17.7196	3.3512	3.4255
RYR3	3.5978	11.3228	1.2889	2.7813
S100A1	0.3211	0.3875	3.9549	0.1702
S100A10	622.0741	205.0171	50.7652	26.1519
S100A11	272.6053	57.3137	3.1867	4.4815
S100A16	427.0754	612.4271	84.0410	37.4741
S100B	194.0795	1153.7818	1191.7202	264.4107
SAA1	134.8318	0.0000	0.1890	0.2030
SAMD9L	17.1873	21.9185	0.9360	0.8874
SAPCD2	4.1735	5.4844	29.1001	10.3580
SCGN	0.3940	0.0300	0.0000	24.2347
SCN3B	9.4563	3.5967	9.9123	42.4179
SCN7A	3.6075	8.1084	2.0639	0.2667
SCRG1	180.5394	427.2618	1738.7412	299.1189
SCRT2	0.0844	0.0328	1.0392	10.9104
SDC3	51.9586	142.6784	57.1524	38.5050
SDC4	111.9327	25.9160	3.5188	2.1102
SEC14L1	56.0429	127.1146	37.6809	27.9750
SEMA3E	6.5403	6.3716	49.4074	11.9678
SERINC5	40.4557	76.3398	272.9477	96.6814
SERPINA1	4.2037	0.0053	0.0000	0.1793
SERPINA3	349.6920	109.4308	16.7029	1.7335
SERPINE1	128.2706	12.9324	0.6940	1.0200
SERPING1	104.3073	25.6616	1.1860	8.7234
SEZ6	8.4413	35.0495	12.6586	125.1218
SGCD	2.6029	0.3349	9.7103	1.7901
SGK1	121.2116	63.1745	333.1539	17.6034
SH2D3C	2.8288	1.4104	0.5874	20.1941
SH3D21	11.2253	1.8264	1.3497	1.6752
SHD	1.8120	4.8853	54.4067	64.6719
SHISA7	1.1282	1.9584	31.6394	10.1987
SHROOM3	2.4834	6.1866	0.2904	0.7546
SHROOM4	8.6054	8.7648	35.1743	9.7191
SIRT2	110.0906	130.9240	1060.0677	103.8745
SLC10A6	16.4948	1.0701	0.0436	0.2771
SLC15A2	5.4019	35.6886	6.7462	2.5011
SLC17A6	0.3209	0.0162	2.4765	20.3225
SLC17A8	0.0765	1.1199	0.6906	14.9071
SLC1A1	5.4421	4.2532	176.9079	28.0790
SLC1A2	40.0875	120.9825	29.4159	36.4830
SLC1A3	525.5019	1236.6413	269.4070	102.0874
SLC20A2	36.0298	78.0346	14.1123	18.2297
SLC25A18	23.0952	46.8799	10.4289	3.8031
SLC2A1	125.5743	22.4959	21.0027	22.1545
SLC2A3	201.6568	46.8451	49.2118	16.5245
SLC30A3	0.5394	0.3360	3.0714	10.9686
SLC32A1	0.0379	0.0000	0.0093	11.1597
SLC37A1	5.2208	3.5124	6.0981	26.3866
SLC38A5	6.8958	0.8316	20.1444	2.7011
SLC39A14	198.1727	26.4294	26.3968	16.2234
SLC39A8	26.2970	3.1885	4.6386	4.7956
SLC44A1	15.7176	15.6514	150.8649	28.7252
SLC47A2	8.0655	1.0177	0.1494	1.1740
SLC4A4	29.3519	66.1781	1.8870	3.1252
SLC6A1	9.6892	35.3956	26.3072	9.5929
SLC6A11	1.1228	17.1292	0.5635	1.5015
SLC6A6	95.0828	0.4668	8.3450	7.4331
SLC6A9	12.0885	64.2410	14.3397	10.7783
SLC8A3	2.9234	0.8030	19.4158	4.7152
SLCO4A1	24.8006	2.0506	7.2898	5.0253
SLN	138.4022	12.5663	0.0297	1.6050
SLPI	223.0769	0.4104	7.5003	0.7945
SMIM18	6.5780	7.6571	35.0175	84.0434
SMOC1	2.6006	6.3622	130.7417	27.6260
SMOC2	9.7225	0.7843	1.9001	2.0311
SMPD3	1.6836	1.5994	5.3014	17.4878
SNAP25	33.5320	17.7375	69.3842	194.6237
SNCA	1.1992	0.0494	8.3529	1.2052
SNORA77	2.8990	1.4436	14.1513	5.3336
SNORD79	3.1528	0.9818	9.9782	1.5865
SNRPE	157.4695	115.1271	886.7774	470.9141
SNX22	4.4442	6.5198	98.7713	18.3390
SNX31	0.4133	4.2880	0.0000	0.3066
SOD2	910.4829	75.3139	40.1944	42.1949
SOX10	1.2453	0.5671	54.8020	5.4048
SOX11	28.2695	33.5809	49.4896	265.7687
SOX4	63.3712	95.9361	234.7271	764.9055
SOX6	13.4675	19.1655	127.3965	36.4391
SPAG4	9.1121	0.4646	0.0822	0.2490
SPARC	526.2241	874.5241	196.4815	64.5803
SPATA22	1.7621	0.5073	8.9213	1.0897
SPATA6	37.7655	121.2136	64.7114	17.4886
SPINT2	1.4203	0.6326	1.4131	22.9738
SPOCD1	57.8807	2.6215	0.0000	0.0000
SPOCK2	33.4795	8.4617	1.9874	3.8119
SPOCK3	0.9361	0.0165	13.2049	4.3903
SPP1	736.1044	153.9117	47.6283	30.7660
SPRY4	18.4643	67.6549	22.7768	17.1486
SPTSSB	15.0677	2.7502	0.3671	1.2283
SRPX2	60.3805	23.2470	1.6910	0.5844
SRRM3	2.6726	1.5796	2.7724	14.1920
SRRM4	0.3513	0.1722	0.4009	8.4352
SST	0.4491	0.0000	0.0000	9.3149
SSTR2	4.3408	2.7676	1.7761	35.6449
ST18	0.5290	0.0172	1.7462	34.3951
ST8SIA2	0.1603	0.1729	0.7012	8.0237
ST8SIA3	0.2885	0.2212	8.9880	14.7419
STAC	14.2966	23.2155	3.2660	1.7523
STC1	14.8063	0.0711	2.0064	30.5851
STMN1	336.2533	448.3940	1137.6600	3004.7867
STMN2	5.3231	1.0897	76.2854	537.1230
STMN4	24.6538	27.1450	50.2754	210.4002
STOM	78.4488	17.8584	12.1176	10.4276
SUSD5	2.8781	1.7438	35.1444	7.9166
SVOP	1.2229	1.3214	3.2267	18.7208
SYNPO	20.3547	2.0467	4.4682	2.3308
SYNPR	0.8816	1.0438	0.0000	23.5608
SYT1	5.9488	0.2756	14.5412	78.8592
SYT4	20.6363	4.2050	4.3139	67.3760
SYTL2	109.1305	29.2679	7.1648	3.8666
TAC3	21.0345	2.3839	0.4616	133.1887
TAGLN	28.6479	4.8274	3.7512	6.2168
TAGLN3	8.2277	32.6801	161.5311	340.5689
TBX5	1.4445	2.4579	7.8299	22.0413
TF	13.8588	7.2836	94.9412	9.6581
TFAP2B	0.4007	0.3202	0.9021	9.0414
TFCP2L1	1.8099	12.1401	0.0769	0.1009
TFPI2	3.8614	0.0394	7.3639	0.8591
TGFBI	26.8919	0.8338	0.0298	3.0642
TGM2	25.2077	0.1159	0.3684	0.3729
THBS1	17.2395	0.9783	8.3834	4.2687
THSD1	6.8560	30.6457	9.1902	5.3710
THSD7A	5.3604	14.6515	24.1552	82.9235
THY1	30.6923	79.2961	367.4949	96.3339
TLCD1	10.8871	61.9218	20.8103	6.6320
TLL1	0.3184	0.0981	5.6909	0.2399
TMEFF1	3.5250	1.4734	3.9340	16.3824
TMEFF2	5.1909	1.0329	286.0830	94.4242
TMEM114	4.0094	0.0000	0.0000	0.0000
TMEM125	0.1203	0.0037	3.1945	0.3279
TMEM132B	4.3547	10.6909	59.7290	19.3725
TMEM154	14.0558	24.9893	2.0653	4.5206
TMEM196	0.7443	1.0002	8.8264	17.2502
TMPRSS9	1.0596	1.1689	11.5814	4.3376
TMSB15A	20.6686	21.6052	168.0470	315.6710
TNFAIP2	16.4697	0.7904	0.1226	0.8042
TNFAIP3	33.7305	2.9546	3.6100	3.7459
TNFRSF19	55.7168	103.2237	11.6005	25.1549
TNFRSF21	29.7635	77.0307	203.2524	43.5867
TNR	14.5823	25.3922	373.6962	50.2067
TNS3	5.0457	8.5595	155.1824	6.6053
TOX	6.3311	9.9827	18.3224	52.0242
TOX3	5.2421	1.9333	11.4999	46.4329
TREM1	98.1027	0.6410	0.0000	0.4941
TRH	0.0055	0.1759	0.1965	6.5968
TRIB1	31.9315	8.8120	1.7602	3.1893
TRIB3	183.6369	19.1748	12.3057	12.6895
TRIL	10.6428	80.7938	18.2451	33.5807
TRPM3	19.1902	51.4655	0.5395	2.1258
TSLP	12.5984	0.5113	0.0000	0.1028
TSPAN15	1.6744	2.8105	39.6128	7.0545
TTYH1	36.3584	334.3728	192.7301	20.8674
TTYH2	11.9646	51.5789	8.4338	11.0738
TUBA4A	23.4004	2.9131	3.5305	3.9310
TUBB3	228.3498	190.7016	509.7015	1921.2253
TUBB4A	8.6819	7.9067	439.7575	83.7653
UGT8	47.8869	46.1702	372.6256	100.4133
UNC5B	8.3833	0.9335	0.6722	1.0937
USP43	0.0738	0.6063	7.8347	2.6700
VAV3	4.3072	16.0387	2.2097	5.0846
VCAM1	50.9111	14.0496	0.0050	2.1062
VCAN	74.8458	162.9541	477.1667	133.8482
VIP	0.4030	0.0192	0.0000	16.3232
VIPR2	4.5300	6.9786	63.0189	71.8094
VSTM2B	0.6920	0.1054	15.5228	1.7147
VTRNA1-3	9.9448	1.6452	0.0000	0.8844
WASF1	19.7028	23.6758	144.9369	62.6075
WFDC1	0.4500	0.9471	8.4776	0.7696
XAF1	43.9380	64.9551	7.4430	9.9837
YEATS4	67.4496	90.3703	119.4018	569.6185
ZC3H12A	20.3482	3.1729	4.0649	3.2259
ZCCHC12	3.3687	2.5517	11.7047	32.0998
ZDHHC23	2.5149	8.3008	1.8589	1.7934
ZFHX4-AS1	7.7069	33.3903	12.5609	12.3369
ZFP36	752.3949	904.6123	133.9879	59.3443
ZFP57	0.0047	0.0048	3.1016	0.3597
ZFPM2	1.4718	1.1671	14.8797	24.2462
ZNF300P1	4.4438	3.4346	25.4601	36.0763
ZNF395	49.7612	7.5671	5.7906	6.2640
ZNF469	0.1034	0.0144	3.4266	0.3435
ZNF488	0.0841	0.1432	109.3149	11.1775
ZNF536	1.5573	0.4758	21.4707	33.8805
ZNF679	0.8636	0.0627	0.9802	9.1179
